"Longitude (x)","Latitude (y)","Station Name","Climate ID","Date/Time (LST)","Year","Month","Day","Time (LST)","Temp (°C)","Temp Flag","Dew Point Temp (°C)","Dew Point Temp Flag","Rel Hum (%)","Rel Hum Flag","Precip. Amount (mm)","Precip. Amount Flag","Wind Dir (10s deg)","Wind Dir Flag","Wind Spd (km/h)","Wind Spd Flag","Visibility (km)","Visibility Flag","Stn Press (kPa)","Stn Press Flag","Hmdx","Hmdx Flag","Wind Chill","Wind Chill Flag","Weather"
"-113.52","53.57","EDMONTON BLATCHFORD","3012209","2012-05-01 00:00","2012","05","01","00:00","9.0","","2.2","","62","","","","","M","","M","","","","M","","","","","NA"
"-113.52","53.57","EDMONTON BLATCHFORD","3012209","2012-05-01 01:00","2012","05","01","01:00","8.4","","1.7","","63","","","","","M","","M","","","","M","","","","","NA"
"-113.52","53.57","EDMONTON BLATCHFORD","3012209","2012-05-01 02:00","2012","05","01","02:00","7.5","","1.3","","65","","","","","M","","M","","","","M","","","","","NA"
"-113.52","53.57","EDMONTON BLATCHFORD","3012209","2012-05-01 03:00","2012","05","01","03:00","7.2","","1.9","","69","","","","","M","","M","","","","M","","","","","NA"
"-113.52","53.57","EDMONTON BLATCHFORD","3012209","2012-05-01 04:00","2012","05","01","04:00","6.3","","1.9","","73","","","","","M","","M","","","","M","","","","","NA"
"-113.52","53.57","EDMONTON BLATCHFORD","3012209","2012-05-01 05:00","2012","05","01","05:00","5.7","","2.6","","80","","","","","M","","M","","","","M","","","","","NA"
"-113.52","53.57","EDMONTON BLATCHFORD","3012209","2012-05-01 06:00","2012","05","01","06:00","5.3","","2.8","","84","","","","","M","","M","","","","M","","","","","NA"
"-113.52","53.57","EDMONTON BLATCHFORD","3012209","2012-05-01 07:00","2012","05","01","07:00","5.8","","3.2","","83","","","","","M","","M","","","","M","","","","","NA"
"-113.52","53.57","EDMONTON BLATCHFORD","3012209","2012-05-01 08:00","2012","05","01","08:00","7.6","","3.7","","76","","","","","M","","M","","","","M","","","","","NA"
"-113.52","53.57","EDMONTON BLATCHFORD","3012209","2012-05-01 09:00","2012","05","01","09:00","9.6","","4.2","","69","","","","","M","","M","","","","M","","","","","NA"
"-113.52","53.57","EDMONTON BLATCHFORD","3012209","2012-05-01 10:00","2012","05","01","10:00","11.7","","3.0","","55","","","","","M","","M","","","","M","","","","","NA"
"-113.52","53.57","EDMONTON BLATCHFORD","3012209","2012-05-01 11:00","2012","05","01","11:00","12.4","","1.8","","48","","","","","M","","M","","","","M","","","","","NA"
"-113.52","53.57","EDMONTON BLATCHFORD","3012209","2012-05-01 12:00","2012","05","01","12:00","12.5","","1.3","","46","","","","","M","","M","","","","M","","","","","NA"
"-113.52","53.57","EDMONTON BLATCHFORD","3012209","2012-05-01 13:00","2012","05","01","13:00","12.6","","-2.0","","36","","","","","M","","M","","","","M","","","","","NA"
"-113.52","53.57","EDMONTON BLATCHFORD","3012209","2012-05-01 14:00","2012","05","01","14:00","13.2","","-1.3","","37","","","","","M","","M","","","","M","","","","","NA"
"-113.52","53.57","EDMONTON BLATCHFORD","3012209","2012-05-01 15:00","2012","05","01","15:00","12.8","","-0.5","","40","","","","","M","","M","","","","M","","","","","NA"
"-113.52","53.57","EDMONTON BLATCHFORD","3012209","2012-05-01 16:00","2012","05","01","16:00","12.7","","-2.0","","36","","","","","M","","M","","","","M","","","","","NA"
"-113.52","53.57","EDMONTON BLATCHFORD","3012209","2012-05-01 17:00","2012","05","01","17:00","12.0","","-1.4","","39","","","","","M","","M","","","","M","","","","","NA"
"-113.52","53.57","EDMONTON BLATCHFORD","3012209","2012-05-01 18:00","2012","05","01","18:00","11.1","","-0.8","","44","","","","","M","","M","","","","M","","","","","NA"
"-113.52","53.57","EDMONTON BLATCHFORD","3012209","2012-05-01 19:00","2012","05","01","19:00","10.2","","-0.7","","47","","","","","M","","M","","","","M","","","","","NA"
"-113.52","53.57","EDMONTON BLATCHFORD","3012209","2012-05-01 20:00","2012","05","01","20:00","9.0","","0.0","","53","","","","","M","","M","","","","M","","","","","NA"
"-113.52","53.57","EDMONTON BLATCHFORD","3012209","2012-05-01 21:00","2012","05","01","21:00","7.9","","0.3","","59","","","","","M","","M","","","","M","","","","","NA"
"-113.52","53.57","EDMONTON BLATCHFORD","3012209","2012-05-01 22:00","2012","05","01","22:00","6.8","","0.7","","65","","","","","M","","M","","","","M","","","","","NA"
"-113.52","53.57","EDMONTON BLATCHFORD","3012209","2012-05-01 23:00","2012","05","01","23:00","6.1","","1.4","","72","","","","","M","","M","","","","M","","","","","NA"
"-113.52","53.57","EDMONTON BLATCHFORD","3012209","2012-05-02 00:00","2012","05","02","00:00","5.4","","1.3","","75","","","","","M","","M","","","","M","","","","","NA"
"-113.52","53.57","EDMONTON BLATCHFORD","3012209","2012-05-02 01:00","2012","05","02","01:00","4.7","","1.5","","80","","","","","M","","M","","","","M","","","","","NA"
"-113.52","53.57","EDMONTON BLATCHFORD","3012209","2012-05-02 02:00","2012","05","02","02:00","4.0","","1.6","","84","","","","","M","","M","","","","M","","","","","NA"
"-113.52","53.57","EDMONTON BLATCHFORD","3012209","2012-05-02 03:00","2012","05","02","03:00","3.7","","1.6","","86","","","","","M","","M","","","","M","","","","","NA"
"-113.52","53.57","EDMONTON BLATCHFORD","3012209","2012-05-02 04:00","2012","05","02","04:00","3.8","","2.1","","89","","","","","M","","M","","","","M","","","","","NA"
"-113.52","53.57","EDMONTON BLATCHFORD","3012209","2012-05-02 05:00","2012","05","02","05:00","4.2","","2.7","","90","","","","","M","","M","","","","M","","","","","NA"
"-113.52","53.57","EDMONTON BLATCHFORD","3012209","2012-05-02 06:00","2012","05","02","06:00","4.4","","3.1","","91","","","","","M","","M","","","","M","","","","","NA"
"-113.52","53.57","EDMONTON BLATCHFORD","3012209","2012-05-02 07:00","2012","05","02","07:00","4.7","","3.2","","90","","","","","M","","M","","","","M","","","","","NA"
"-113.52","53.57","EDMONTON BLATCHFORD","3012209","2012-05-02 08:00","2012","05","02","08:00","5.2","","3.5","","89","","","","","M","","M","","","","M","","","","","NA"
"-113.52","53.57","EDMONTON BLATCHFORD","3012209","2012-05-02 09:00","2012","05","02","09:00","6.6","","3.7","","82","","","","","M","","M","","","","M","","","","","NA"
"-113.52","53.57","EDMONTON BLATCHFORD","3012209","2012-05-02 10:00","2012","05","02","10:00","8.1","","4.1","","76","","","","","M","","M","","","","M","","","","","NA"
"-113.52","53.57","EDMONTON BLATCHFORD","3012209","2012-05-02 11:00","2012","05","02","11:00","9.6","","1.9","","59","","","","","M","","M","","","","M","","","","","NA"
"-113.52","53.57","EDMONTON BLATCHFORD","3012209","2012-05-02 12:00","2012","05","02","12:00","9.4","","1.5","","58","","","","","M","","M","","","","M","","","","","NA"
"-113.52","53.57","EDMONTON BLATCHFORD","3012209","2012-05-02 13:00","2012","05","02","13:00","10.9","","1.7","","53","","","","","M","","M","","","","M","","","","","NA"
"-113.52","53.57","EDMONTON BLATCHFORD","3012209","2012-05-02 14:00","2012","05","02","14:00","10.5","","1.4","","53","","","","","M","","M","","","","M","","","","","NA"
"-113.52","53.57","EDMONTON BLATCHFORD","3012209","2012-05-02 15:00","2012","05","02","15:00","11.1","","1.4","","51","","","","","M","","M","","","","M","","","","","NA"
"-113.52","53.57","EDMONTON BLATCHFORD","3012209","2012-05-02 16:00","2012","05","02","16:00","11.0","","1.6","","52","","","","","M","","M","","","","M","","","","","NA"
"-113.52","53.57","EDMONTON BLATCHFORD","3012209","2012-05-02 17:00","2012","05","02","17:00","12.1","","1.1","","47","","","","","M","","M","","","","M","","","","","NA"
"-113.52","53.57","EDMONTON BLATCHFORD","3012209","2012-05-02 18:00","2012","05","02","18:00","11.6","","1.3","","49","","","","","M","","M","","","","M","","","","","NA"
"-113.52","53.57","EDMONTON BLATCHFORD","3012209","2012-05-02 19:00","2012","05","02","19:00","10.2","","1.3","","54","","","","","M","","M","","","","M","","","","","NA"
"-113.52","53.57","EDMONTON BLATCHFORD","3012209","2012-05-02 20:00","2012","05","02","20:00","8.8","","3.7","","70","","","","","M","","M","","","","M","","","","","NA"
"-113.52","53.57","EDMONTON BLATCHFORD","3012209","2012-05-02 21:00","2012","05","02","21:00","7.6","","3.6","","76","","","","","M","","M","","","","M","","","","","NA"
"-113.52","53.57","EDMONTON BLATCHFORD","3012209","2012-05-02 22:00","2012","05","02","22:00","7.2","","3.6","","78","","","","","M","","M","","","","M","","","","","NA"
"-113.52","53.57","EDMONTON BLATCHFORD","3012209","2012-05-02 23:00","2012","05","02","23:00","6.9","","3.8","","81","","","","","M","","M","","","","M","","","","","NA"
"-113.52","53.57","EDMONTON BLATCHFORD","3012209","2012-05-03 00:00","2012","05","03","00:00","6.0","","3.5","","84","","","","","M","","M","","","","M","","","","","NA"
"-113.52","53.57","EDMONTON BLATCHFORD","3012209","2012-05-03 01:00","2012","05","03","01:00","5.0","","3.3","","89","","","","","M","","M","","","","M","","","","","NA"
"-113.52","53.57","EDMONTON BLATCHFORD","3012209","2012-05-03 02:00","2012","05","03","02:00","4.5","","3.6","","94","","","","","M","","M","","","","M","","","","","NA"
"-113.52","53.57","EDMONTON BLATCHFORD","3012209","2012-05-03 03:00","2012","05","03","03:00","4.1","","3.0","","93","","","","","M","","M","","","","M","","","","","NA"
"-113.52","53.57","EDMONTON BLATCHFORD","3012209","2012-05-03 04:00","2012","05","03","04:00","3.4","","2.7","","95","","","","","M","","M","","","","M","","","","","NA"
"-113.52","53.57","EDMONTON BLATCHFORD","3012209","2012-05-03 05:00","2012","05","03","05:00","2.7","","2.2","","97","","","","","M","","M","","","","M","","","","","NA"
"-113.52","53.57","EDMONTON BLATCHFORD","3012209","2012-05-03 06:00","2012","05","03","06:00","4.5","","3.5","","93","","","","","M","","M","","","","M","","","","","NA"
"-113.52","53.57","EDMONTON BLATCHFORD","3012209","2012-05-03 07:00","2012","05","03","07:00","5.1","","3.6","","90","","","","","M","","M","","","","M","","","","","NA"
"-113.52","53.57","EDMONTON BLATCHFORD","3012209","2012-05-03 08:00","2012","05","03","08:00","5.3","","4.5","","95","","","","","M","","M","","","","M","","","","","NA"
"-113.52","53.57","EDMONTON BLATCHFORD","3012209","2012-05-03 09:00","2012","05","03","09:00","5.4","","4.7","","95","","","","","M","","M","","","","M","","","","","NA"
"-113.52","53.57","EDMONTON BLATCHFORD","3012209","2012-05-03 10:00","2012","05","03","10:00","6.5","","4.9","","89","","","","","M","","M","","","","M","","","","","NA"
"-113.52","53.57","EDMONTON BLATCHFORD","3012209","2012-05-03 11:00","2012","05","03","11:00","7.5","","5.1","","85","","","","","M","","M","","","","M","","","","","NA"
"-113.52","53.57","EDMONTON BLATCHFORD","3012209","2012-05-03 12:00","2012","05","03","12:00","8.4","","4.9","","79","","","","","M","","M","","","","M","","","","","NA"
"-113.52","53.57","EDMONTON BLATCHFORD","3012209","2012-05-03 13:00","2012","05","03","13:00","6.9","","6.2","","95","","","","","M","","M","","","","M","","","","","NA"
"-113.52","53.57","EDMONTON BLATCHFORD","3012209","2012-05-03 14:00","2012","05","03","14:00","10.8","","5.9","","72","","","","","M","","M","","","","M","","","","","NA"
"-113.52","53.57","EDMONTON BLATCHFORD","3012209","2012-05-03 15:00","2012","05","03","15:00","10.7","","5.9","","72","","","","","M","","M","","","","M","","","","","NA"
"-113.52","53.57","EDMONTON BLATCHFORD","3012209","2012-05-03 16:00","2012","05","03","16:00","10.5","","4.9","","68","","","","","M","","M","","","","M","","","","","NA"
"-113.52","53.57","EDMONTON BLATCHFORD","3012209","2012-05-03 17:00","2012","05","03","17:00","10.4","","5.5","","72","","","","","M","","M","","","","M","","","","","NA"
"-113.52","53.57","EDMONTON BLATCHFORD","3012209","2012-05-03 18:00","2012","05","03","18:00","10.8","","4.2","","64","","","","","M","","M","","","","M","","","","","NA"
"-113.52","53.57","EDMONTON BLATCHFORD","3012209","2012-05-03 19:00","2012","05","03","19:00","10.7","","5.1","","68","","","","","M","","M","","","","M","","","","","NA"
"-113.52","53.57","EDMONTON BLATCHFORD","3012209","2012-05-03 20:00","2012","05","03","20:00","7.2","","5.2","","87","","","","","M","","M","","","","M","","","","","NA"
"-113.52","53.57","EDMONTON BLATCHFORD","3012209","2012-05-03 21:00","2012","05","03","21:00","7.0","","6.5","","97","","","","","M","","M","","","","M","","","","","NA"
"-113.52","53.57","EDMONTON BLATCHFORD","3012209","2012-05-03 22:00","2012","05","03","22:00","7.1","","6.4","","95","","","","","M","","M","","","","M","","","","","NA"
"-113.52","53.57","EDMONTON BLATCHFORD","3012209","2012-05-03 23:00","2012","05","03","23:00","6.8","","6.3","","97","","","","","M","","M","","","","M","","","","","NA"
"-113.52","53.57","EDMONTON BLATCHFORD","3012209","2012-05-04 00:00","2012","05","04","00:00","6.4","","6.1","","98","","","","","M","","M","","","","M","","","","","NA"
"-113.52","53.57","EDMONTON BLATCHFORD","3012209","2012-05-04 01:00","2012","05","04","01:00","6.2","","5.9","","98","","","","","M","","M","","","","M","","","","","NA"
"-113.52","53.57","EDMONTON BLATCHFORD","3012209","2012-05-04 02:00","2012","05","04","02:00","6.2","","6.0","","99","","","","","M","","M","","","","M","","","","","NA"
"-113.52","53.57","EDMONTON BLATCHFORD","3012209","2012-05-04 03:00","2012","05","04","03:00","6.3","","6.2","","99","","","","","M","","M","","","","M","","","","","NA"
"-113.52","53.57","EDMONTON BLATCHFORD","3012209","2012-05-04 04:00","2012","05","04","04:00","6.1","","6.0","","99","","","","","M","","M","","","","M","","","","","NA"
"-113.52","53.57","EDMONTON BLATCHFORD","3012209","2012-05-04 05:00","2012","05","04","05:00","6.2","","6.1","","99","","","","","M","","M","","","","M","","","","","NA"
"-113.52","53.57","EDMONTON BLATCHFORD","3012209","2012-05-04 06:00","2012","05","04","06:00","6.4","","6.3","","99","","","","","M","","M","","","","M","","","","","NA"
"-113.52","53.57","EDMONTON BLATCHFORD","3012209","2012-05-04 07:00","2012","05","04","07:00","7.4","","7.1","","98","","","","","M","","M","","","","M","","","","","NA"
"-113.52","53.57","EDMONTON BLATCHFORD","3012209","2012-05-04 08:00","2012","05","04","08:00","8.3","","7.1","","92","","","","","M","","M","","","","M","","","","","NA"
"-113.52","53.57","EDMONTON BLATCHFORD","3012209","2012-05-04 09:00","2012","05","04","09:00","9.8","","6.3","","79","","","","","M","","M","","","","M","","","","","NA"
"-113.52","53.57","EDMONTON BLATCHFORD","3012209","2012-05-04 10:00","2012","05","04","10:00","9.8","","6.1","","78","","","","","M","","M","","","","M","","","","","NA"
"-113.52","53.57","EDMONTON BLATCHFORD","3012209","2012-05-04 11:00","2012","05","04","11:00","11.9","","6.1","","68","","","","","M","","M","","","","M","","","","","NA"
"-113.52","53.57","EDMONTON BLATCHFORD","3012209","2012-05-04 12:00","2012","05","04","12:00","12.9","","6.8","","66","","","","","M","","M","","","","M","","","","","NA"
"-113.52","53.57","EDMONTON BLATCHFORD","3012209","2012-05-04 13:00","2012","05","04","13:00","13.9","","4.9","","55","","","","","M","","M","","","","M","","","","","NA"
"-113.52","53.57","EDMONTON BLATCHFORD","3012209","2012-05-04 14:00","2012","05","04","14:00","14.3","","4.9","","53","","","","","M","","M","","","","M","","","","","NA"
"-113.52","53.57","EDMONTON BLATCHFORD","3012209","2012-05-04 15:00","2012","05","04","15:00","15.7","","4.7","","48","","","","","M","","M","","","","M","","","","","NA"
"-113.52","53.57","EDMONTON BLATCHFORD","3012209","2012-05-04 16:00","2012","05","04","16:00","15.7","","4.2","","46","","","","","M","","M","","","","M","","","","","NA"
"-113.52","53.57","EDMONTON BLATCHFORD","3012209","2012-05-04 17:00","2012","05","04","17:00","10.1","","6.4","","78","","","","","M","","M","","","","M","","","","","NA"
"-113.52","53.57","EDMONTON BLATCHFORD","3012209","2012-05-04 18:00","2012","05","04","18:00","12.9","","6.2","","64","","","","","M","","M","","","","M","","","","","NA"
"-113.52","53.57","EDMONTON BLATCHFORD","3012209","2012-05-04 19:00","2012","05","04","19:00","11.9","","5.3","","64","","","","","M","","M","","","","M","","","","","NA"
"-113.52","53.57","EDMONTON BLATCHFORD","3012209","2012-05-04 20:00","2012","05","04","20:00","11.0","","5.2","","67","","","","","M","","M","","","","M","","","","","NA"
"-113.52","53.57","EDMONTON BLATCHFORD","3012209","2012-05-04 21:00","2012","05","04","21:00","8.9","","6.8","","87","","","","","M","","M","","","","M","","","","","NA"
"-113.52","53.57","EDMONTON BLATCHFORD","3012209","2012-05-04 22:00","2012","05","04","22:00","7.5","","6.2","","91","","","","","M","","M","","","","M","","","","","NA"
"-113.52","53.57","EDMONTON BLATCHFORD","3012209","2012-05-04 23:00","2012","05","04","23:00","6.7","","5.5","","92","","","","","M","","M","","","","M","","","","","NA"
"-113.52","53.57","EDMONTON BLATCHFORD","3012209","2012-05-05 00:00","2012","05","05","00:00","6.7","","5.6","","93","","","","","M","","M","","","","M","","","","","NA"
"-113.52","53.57","EDMONTON BLATCHFORD","3012209","2012-05-05 01:00","2012","05","05","01:00","6.5","","5.7","","95","","","","","M","","M","","","","M","","","","","NA"
"-113.52","53.57","EDMONTON BLATCHFORD","3012209","2012-05-05 02:00","2012","05","05","02:00","6.1","","5.0","","93","","","","","M","","M","","","","M","","","","","NA"
"-113.52","53.57","EDMONTON BLATCHFORD","3012209","2012-05-05 03:00","2012","05","05","03:00","5.6","","4.4","","92","","","","","M","","M","","","","M","","","","","NA"
"-113.52","53.57","EDMONTON BLATCHFORD","3012209","2012-05-05 04:00","2012","05","05","04:00","5.9","","4.5","","91","","","","","M","","M","","","","M","","","","","NA"
"-113.52","53.57","EDMONTON BLATCHFORD","3012209","2012-05-05 05:00","2012","05","05","05:00","5.2","","4.2","","93","","","","","M","","M","","","","M","","","","","NA"
"-113.52","53.57","EDMONTON BLATCHFORD","3012209","2012-05-05 06:00","2012","05","05","06:00","5.3","","4.1","","92","","","","","M","","M","","","","M","","","","","NA"
"-113.52","53.57","EDMONTON BLATCHFORD","3012209","2012-05-05 07:00","2012","05","05","07:00","5.5","","3.4","","86","","","","","M","","M","","","","M","","","","","NA"
"-113.52","53.57","EDMONTON BLATCHFORD","3012209","2012-05-05 08:00","2012","05","05","08:00","6.1","","3.0","","80","","","","","M","","M","","","","M","","","","","NA"
"-113.52","53.57","EDMONTON BLATCHFORD","3012209","2012-05-05 09:00","2012","05","05","09:00","8.0","","2.6","","69","","","","","M","","M","","","","M","","","","","NA"
"-113.52","53.57","EDMONTON BLATCHFORD","3012209","2012-05-05 10:00","2012","05","05","10:00","9.1","","2.1","","62","","","","","M","","M","","","","M","","","","","NA"
"-113.52","53.57","EDMONTON BLATCHFORD","3012209","2012-05-05 11:00","2012","05","05","11:00","9.5","","2.5","","62","","","","","M","","M","","","","M","","","","","NA"
"-113.52","53.57","EDMONTON BLATCHFORD","3012209","2012-05-05 12:00","2012","05","05","12:00","10.1","","-0.1","","49","","","","","M","","M","","","","M","","","","","NA"
"-113.52","53.57","EDMONTON BLATCHFORD","3012209","2012-05-05 13:00","2012","05","05","13:00","10.9","","0.1","","47","","","","","M","","M","","","","M","","","","","NA"
"-113.52","53.57","EDMONTON BLATCHFORD","3012209","2012-05-05 14:00","2012","05","05","14:00","11.4","","1.5","","51","","","","","M","","M","","","","M","","","","","NA"
"-113.52","53.57","EDMONTON BLATCHFORD","3012209","2012-05-05 15:00","2012","05","05","15:00","11.8","","0.5","","46","","","","","M","","M","","","","M","","","","","NA"
"-113.52","53.57","EDMONTON BLATCHFORD","3012209","2012-05-05 16:00","2012","05","05","16:00","11.7","","0.6","","46","","","","","M","","M","","","","M","","","","","NA"
"-113.52","53.57","EDMONTON BLATCHFORD","3012209","2012-05-05 17:00","2012","05","05","17:00","11.7","","0.6","","46","","","","","M","","M","","","","M","","","","","NA"
"-113.52","53.57","EDMONTON BLATCHFORD","3012209","2012-05-05 18:00","2012","05","05","18:00","11.5","","0.3","","46","","","","","M","","M","","","","M","","","","","NA"
"-113.52","53.57","EDMONTON BLATCHFORD","3012209","2012-05-05 19:00","2012","05","05","19:00","10.6","","3.1","","60","","","","","M","","M","","","","M","","","","","NA"
"-113.52","53.57","EDMONTON BLATCHFORD","3012209","2012-05-05 20:00","2012","05","05","20:00","9.1","","4.3","","72","","","","","M","","M","","","","M","","","","","NA"
"-113.52","53.57","EDMONTON BLATCHFORD","3012209","2012-05-05 21:00","2012","05","05","21:00","8.3","","4.7","","78","","","","","M","","M","","","","M","","","","","NA"
"-113.52","53.57","EDMONTON BLATCHFORD","3012209","2012-05-05 22:00","2012","05","05","22:00","8.2","","5.1","","81","","","","","M","","M","","","","M","","","","","NA"
"-113.52","53.57","EDMONTON BLATCHFORD","3012209","2012-05-05 23:00","2012","05","05","23:00","7.3","","4.7","","84","","","","","M","","M","","","","M","","","","","NA"
"-113.52","53.57","EDMONTON BLATCHFORD","3012209","2012-05-06 00:00","2012","05","06","00:00","7.3","","-1.4","","54","","","","","M","","M","","","","M","","","","","NA"
"-113.52","53.57","EDMONTON BLATCHFORD","3012209","2012-05-06 01:00","2012","05","06","01:00","6.0","","-2.0","","56","","","","","M","","M","","","","M","","","","","NA"
"-113.52","53.57","EDMONTON BLATCHFORD","3012209","2012-05-06 02:00","2012","05","06","02:00","4.5","","-3.2","","57","","","","","M","","M","","","","M","","","","","NA"
"-113.52","53.57","EDMONTON BLATCHFORD","3012209","2012-05-06 03:00","2012","05","06","03:00","2.6","","-3.4","","65","","","","","M","","M","","","","M","","","","","NA"
"-113.52","53.57","EDMONTON BLATCHFORD","3012209","2012-05-06 04:00","2012","05","06","04:00","2.8","","-4.0","","61","","","","","M","","M","","","","M","","","","","NA"
"-113.52","53.57","EDMONTON BLATCHFORD","3012209","2012-05-06 05:00","2012","05","06","05:00","2.3","","-4.2","","62","","","","","M","","M","","","","M","","","","","NA"
"-113.52","53.57","EDMONTON BLATCHFORD","3012209","2012-05-06 06:00","2012","05","06","06:00","3.9","","-3.4","","59","","","","","M","","M","","","","M","","","","","NA"
"-113.52","53.57","EDMONTON BLATCHFORD","3012209","2012-05-06 07:00","2012","05","06","07:00","6.0","","-2.5","","54","","","","","M","","M","","","","M","","","","","NA"
"-113.52","53.57","EDMONTON BLATCHFORD","3012209","2012-05-06 08:00","2012","05","06","08:00","7.8","","-1.4","","52","","","","","M","","M","","","","M","","","","","NA"
"-113.52","53.57","EDMONTON BLATCHFORD","3012209","2012-05-06 09:00","2012","05","06","09:00","9.8","","-1.2","","46","","","","","M","","M","","","","M","","","","","NA"
"-113.52","53.57","EDMONTON BLATCHFORD","3012209","2012-05-06 10:00","2012","05","06","10:00","11.5","","-1.8","","39","","","","","M","","M","","","","M","","","","","NA"
"-113.52","53.57","EDMONTON BLATCHFORD","3012209","2012-05-06 11:00","2012","05","06","11:00","12.2","","-2.8","","35","","","","","M","","M","","","","M","","","","","NA"
"-113.52","53.57","EDMONTON BLATCHFORD","3012209","2012-05-06 12:00","2012","05","06","12:00","12.8","","-3.4","","32","","","","","M","","M","","","","M","","","","","NA"
"-113.52","53.57","EDMONTON BLATCHFORD","3012209","2012-05-06 13:00","2012","05","06","13:00","13.7","","-1.9","","34","","","","","M","","M","","","","M","","","","","NA"
"-113.52","53.57","EDMONTON BLATCHFORD","3012209","2012-05-06 14:00","2012","05","06","14:00","13.9","","-2.5","","32","","","","","M","","M","","","","M","","","","","NA"
"-113.52","53.57","EDMONTON BLATCHFORD","3012209","2012-05-06 15:00","2012","05","06","15:00","14.9","","-2.5","","30","","","","","M","","M","","","","M","","","","","NA"
"-113.52","53.57","EDMONTON BLATCHFORD","3012209","2012-05-06 16:00","2012","05","06","16:00","13.9","","-2.6","","32","","","","","M","","M","","","","M","","","","","NA"
"-113.52","53.57","EDMONTON BLATCHFORD","3012209","2012-05-06 17:00","2012","05","06","17:00","14.5","","-2.4","","31","","","","","M","","M","","","","M","","","","","NA"
"-113.52","53.57","EDMONTON BLATCHFORD","3012209","2012-05-06 18:00","2012","05","06","18:00","14.5","","-3.1","","29","","","","","M","","M","","","","M","","","","","NA"
"-113.52","53.57","EDMONTON BLATCHFORD","3012209","2012-05-06 19:00","2012","05","06","19:00","13.7","","-2.4","","33","","","","","M","","M","","","","M","","","","","NA"
"-113.52","53.57","EDMONTON BLATCHFORD","3012209","2012-05-06 20:00","2012","05","06","20:00","11.7","","-3.1","","35","","","","","M","","M","","","","M","","","","","NA"
"-113.52","53.57","EDMONTON BLATCHFORD","3012209","2012-05-06 21:00","2012","05","06","21:00","9.7","","-3.2","","40","","","","","M","","M","","","","M","","","","","NA"
"-113.52","53.57","EDMONTON BLATCHFORD","3012209","2012-05-06 22:00","2012","05","06","22:00","9.3","","-3.8","","39","","","","","M","","M","","","","M","","","","","NA"
"-113.52","53.57","EDMONTON BLATCHFORD","3012209","2012-05-06 23:00","2012","05","06","23:00","8.2","","-4.1","","42","","","","","M","","M","","","","M","","","","","NA"
"-113.52","53.57","EDMONTON BLATCHFORD","3012209","2012-05-07 00:00","2012","05","07","00:00","7.1","","-4.1","","45","","","","","M","","M","","","","M","","","","","NA"
"-113.52","53.57","EDMONTON BLATCHFORD","3012209","2012-05-07 01:00","2012","05","07","01:00","5.5","","-3.3","","53","","","","","M","","M","","","","M","","","","","NA"
"-113.52","53.57","EDMONTON BLATCHFORD","3012209","2012-05-07 02:00","2012","05","07","02:00","5.5","","-2.5","","56","","","","","M","","M","","","","M","","","","","NA"
"-113.52","53.57","EDMONTON BLATCHFORD","3012209","2012-05-07 03:00","2012","05","07","03:00","4.7","","-2.2","","61","","","","","M","","M","","","","M","","","","","NA"
"-113.52","53.57","EDMONTON BLATCHFORD","3012209","2012-05-07 04:00","2012","05","07","04:00","4.6","","-2.2","","61","","","","","M","","M","","","","M","","","","","NA"
"-113.52","53.57","EDMONTON BLATCHFORD","3012209","2012-05-07 05:00","2012","05","07","05:00","3.4","","-1.9","","68","","","","","M","","M","","","","M","","","","","NA"
"-113.52","53.57","EDMONTON BLATCHFORD","3012209","2012-05-07 06:00","2012","05","07","06:00","5.2","","0.0","","69","","","","","M","","M","","","","M","","","","","NA"
"-113.52","53.57","EDMONTON BLATCHFORD","3012209","2012-05-07 07:00","2012","05","07","07:00","7.9","","0.2","","58","","","","","M","","M","","","","M","","","","","NA"
"-113.52","53.57","EDMONTON BLATCHFORD","3012209","2012-05-07 08:00","2012","05","07","08:00","9.7","","0.8","","54","","","","","M","","M","","","","M","","","","","NA"
"-113.52","53.57","EDMONTON BLATCHFORD","3012209","2012-05-07 09:00","2012","05","07","09:00","12.5","","0.8","","45","","","","","M","","M","","","","M","","","","","NA"
"-113.52","53.57","EDMONTON BLATCHFORD","3012209","2012-05-07 10:00","2012","05","07","10:00","15.2","","0.5","","37","","","","","M","","M","","","","M","","","","","NA"
"-113.52","53.57","EDMONTON BLATCHFORD","3012209","2012-05-07 11:00","2012","05","07","11:00","17.0","","0.5","","33","","","","","M","","M","","","","M","","","","","NA"
"-113.52","53.57","EDMONTON BLATCHFORD","3012209","2012-05-07 12:00","2012","05","07","12:00","18.0","","1.2","","32","","","","","M","","M","","","","M","","","","","NA"
"-113.52","53.57","EDMONTON BLATCHFORD","3012209","2012-05-07 13:00","2012","05","07","13:00","18.6","","0.1","","29","","","","","M","","M","","","","M","","","","","NA"
"-113.52","53.57","EDMONTON BLATCHFORD","3012209","2012-05-07 14:00","2012","05","07","14:00","19.3","","-0.2","","27","","","","","M","","M","","","","M","","","","","NA"
"-113.52","53.57","EDMONTON BLATCHFORD","3012209","2012-05-07 15:00","2012","05","07","15:00","19.6","","-0.3","","26","","","","","M","","M","","","","M","","","","","NA"
"-113.52","53.57","EDMONTON BLATCHFORD","3012209","2012-05-07 16:00","2012","05","07","16:00","20.2","","0.4","","27","","","","","M","","M","","","","M","","","","","NA"
"-113.52","53.57","EDMONTON BLATCHFORD","3012209","2012-05-07 17:00","2012","05","07","17:00","19.9","","-0.6","","25","","","","","M","","M","","","","M","","","","","NA"
"-113.52","53.57","EDMONTON BLATCHFORD","3012209","2012-05-07 18:00","2012","05","07","18:00","19.7","","-0.5","","26","","","","","M","","M","","","","M","","","","","NA"
"-113.52","53.57","EDMONTON BLATCHFORD","3012209","2012-05-07 19:00","2012","05","07","19:00","19.4","","0.6","","28","","","","","M","","M","","","","M","","","","","NA"
"-113.52","53.57","EDMONTON BLATCHFORD","3012209","2012-05-07 20:00","2012","05","07","20:00","18.0","","0.4","","30","","","","","M","","M","","","","M","","","","","NA"
"-113.52","53.57","EDMONTON BLATCHFORD","3012209","2012-05-07 21:00","2012","05","07","21:00","15.8","","1.0","","37","","","","","M","","M","","","","M","","","","","NA"
"-113.52","53.57","EDMONTON BLATCHFORD","3012209","2012-05-07 22:00","2012","05","07","22:00","13.9","","1.5","","43","","","","","M","","M","","","","M","","","","","NA"
"-113.52","53.57","EDMONTON BLATCHFORD","3012209","2012-05-07 23:00","2012","05","07","23:00","12.8","","1.2","","45","","","","","M","","M","","","","M","","","","","NA"
"-113.52","53.57","EDMONTON BLATCHFORD","3012209","2012-05-08 00:00","2012","05","08","00:00","11.9","","1.4","","49","","","","","M","","M","","","","M","","","","","NA"
"-113.52","53.57","EDMONTON BLATCHFORD","3012209","2012-05-08 01:00","2012","05","08","01:00","11.2","","1.1","","50","","","","","M","","M","","","","M","","","","","NA"
"-113.52","53.57","EDMONTON BLATCHFORD","3012209","2012-05-08 02:00","2012","05","08","02:00","11.0","","1.3","","51","","","","","M","","M","","","","M","","","","","NA"
"-113.52","53.57","EDMONTON BLATCHFORD","3012209","2012-05-08 03:00","2012","05","08","03:00","10.6","","1.5","","53","","","","","M","","M","","","","M","","","","","NA"
"-113.52","53.57","EDMONTON BLATCHFORD","3012209","2012-05-08 04:00","2012","05","08","04:00","10.5","","2.0","","56","","","","","M","","M","","","","M","","","","","NA"
"-113.52","53.57","EDMONTON BLATCHFORD","3012209","2012-05-08 05:00","2012","05","08","05:00","9.8","","2.7","","61","","","","","M","","M","","","","M","","","","","NA"
"-113.52","53.57","EDMONTON BLATCHFORD","3012209","2012-05-08 06:00","2012","05","08","06:00","9.5","","3.6","","67","","","","","M","","M","","","","M","","","","","NA"
"-113.52","53.57","EDMONTON BLATCHFORD","3012209","2012-05-08 07:00","2012","05","08","07:00","9.8","","3.8","","66","","","","","M","","M","","","","M","","","","","NA"
"-113.52","53.57","EDMONTON BLATCHFORD","3012209","2012-05-08 08:00","2012","05","08","08:00","11.1","","4.1","","62","","","","","M","","M","","","","M","","","","","NA"
"-113.52","53.57","EDMONTON BLATCHFORD","3012209","2012-05-08 09:00","2012","05","08","09:00","13.4","","5.0","","57","","","","","M","","M","","","","M","","","","","NA"
"-113.52","53.57","EDMONTON BLATCHFORD","3012209","2012-05-08 10:00","2012","05","08","10:00","16.7","","5.8","","49","","","","","M","","M","","","","M","","","","","NA"
"-113.52","53.57","EDMONTON BLATCHFORD","3012209","2012-05-08 11:00","2012","05","08","11:00","19.1","","5.0","","39","","","","","M","","M","","","","M","","","","","NA"
"-113.52","53.57","EDMONTON BLATCHFORD","3012209","2012-05-08 12:00","2012","05","08","12:00","21.0","","5.2","","36","","","","","M","","M","","","","M","","","","","NA"
"-113.52","53.57","EDMONTON BLATCHFORD","3012209","2012-05-08 13:00","2012","05","08","13:00","22.1","","5.5","","34","","","","","M","","M","","","","M","","","","","NA"
"-113.52","53.57","EDMONTON BLATCHFORD","3012209","2012-05-08 14:00","2012","05","08","14:00","23.4","","4.3","","29","","","","","M","","M","","","","M","","","","","NA"
"-113.52","53.57","EDMONTON BLATCHFORD","3012209","2012-05-08 15:00","2012","05","08","15:00","23.2","","5.5","","32","","","","","M","","M","","","","M","","","","","NA"
"-113.52","53.57","EDMONTON BLATCHFORD","3012209","2012-05-08 16:00","2012","05","08","16:00","22.8","","3.2","","28","","","","","M","","M","","","","M","","","","","NA"
"-113.52","53.57","EDMONTON BLATCHFORD","3012209","2012-05-08 17:00","2012","05","08","17:00","23.4","","3.1","","27","","","","","M","","M","","","","M","","","","","NA"
"-113.52","53.57","EDMONTON BLATCHFORD","3012209","2012-05-08 18:00","2012","05","08","18:00","22.2","","2.4","","27","","","","","M","","M","","","","M","","","","","NA"
"-113.52","53.57","EDMONTON BLATCHFORD","3012209","2012-05-08 19:00","2012","05","08","19:00","20.4","","1.9","","29","","","","","M","","M","","","","M","","","","","NA"
"-113.52","53.57","EDMONTON BLATCHFORD","3012209","2012-05-08 20:00","2012","05","08","20:00","19.4","","1.6","","30","","","","","M","","M","","","","M","","","","","NA"
"-113.52","53.57","EDMONTON BLATCHFORD","3012209","2012-05-08 21:00","2012","05","08","21:00","17.8","","2.1","","35","","","","","M","","M","","","","M","","","","","NA"
"-113.52","53.57","EDMONTON BLATCHFORD","3012209","2012-05-08 22:00","2012","05","08","22:00","15.7","","3.6","","44","","","","","M","","M","","","","M","","","","","NA"
"-113.52","53.57","EDMONTON BLATCHFORD","3012209","2012-05-08 23:00","2012","05","08","23:00","16.1","","2.8","","41","","","","","M","","M","","","","M","","","","","NA"
"-113.52","53.57","EDMONTON BLATCHFORD","3012209","2012-05-09 00:00","2012","05","09","00:00","15.3","","2.9","","43","","","","","M","","M","","","","M","","","","","NA"
"-113.52","53.57","EDMONTON BLATCHFORD","3012209","2012-05-09 01:00","2012","05","09","01:00","13.1","","2.6","","49","","","","","M","","M","","","","M","","","","","NA"
"-113.52","53.57","EDMONTON BLATCHFORD","3012209","2012-05-09 02:00","2012","05","09","02:00","12.0","","0.9","","47","","","","","M","","M","","","","M","","","","","NA"
"-113.52","53.57","EDMONTON BLATCHFORD","3012209","2012-05-09 03:00","2012","05","09","03:00","10.9","","-0.7","","45","","","","","M","","M","","","","M","","","","","NA"
"-113.52","53.57","EDMONTON BLATCHFORD","3012209","2012-05-09 04:00","2012","05","09","04:00","9.3","","-0.6","","50","","","","","M","","M","","","","M","","","","","NA"
"-113.52","53.57","EDMONTON BLATCHFORD","3012209","2012-05-09 05:00","2012","05","09","05:00","7.8","","0.5","","60","","","","","M","","M","","","","M","","","","","NA"
"-113.52","53.57","EDMONTON BLATCHFORD","3012209","2012-05-09 06:00","2012","05","09","06:00","8.6","","0.0","","55","","","","","M","","M","","","","M","","","","","NA"
"-113.52","53.57","EDMONTON BLATCHFORD","3012209","2012-05-09 07:00","2012","05","09","07:00","9.2","","0.9","","56","","","","","M","","M","","","","M","","","","","NA"
"-113.52","53.57","EDMONTON BLATCHFORD","3012209","2012-05-09 08:00","2012","05","09","08:00","10.2","","1.4","","54","","","","","M","","M","","","","M","","","","","NA"
"-113.52","53.57","EDMONTON BLATCHFORD","3012209","2012-05-09 09:00","2012","05","09","09:00","10.3","","0.8","","52","","","","","M","","M","","","","M","","","","","NA"
"-113.52","53.57","EDMONTON BLATCHFORD","3012209","2012-05-09 10:00","2012","05","09","10:00","10.8","","0.6","","49","","","","","M","","M","","","","M","","","","","NA"
"-113.52","53.57","EDMONTON BLATCHFORD","3012209","2012-05-09 11:00","2012","05","09","11:00","10.0","","1.9","","57","","","","","M","","M","","","","M","","","","","NA"
"-113.52","53.57","EDMONTON BLATCHFORD","3012209","2012-05-09 12:00","2012","05","09","12:00","9.3","","2.4","","62","","","","","M","","M","","","","M","","","","","NA"
"-113.52","53.57","EDMONTON BLATCHFORD","3012209","2012-05-09 13:00","2012","05","09","13:00","9.8","","0.2","","51","","","","","M","","M","","","","M","","","","","NA"
"-113.52","53.57","EDMONTON BLATCHFORD","3012209","2012-05-09 14:00","2012","05","09","14:00","10.3","","-2.5","","41","","","","","M","","M","","","","M","","","","","NA"
"-113.52","53.57","EDMONTON BLATCHFORD","3012209","2012-05-09 15:00","2012","05","09","15:00","10.6","","-1.7","","42","","","","","M","","M","","","","M","","","","","NA"
"-113.52","53.57","EDMONTON BLATCHFORD","3012209","2012-05-09 16:00","2012","05","09","16:00","9.7","","-2.5","","42","","","","","M","","M","","","","M","","","","","NA"
"-113.52","53.57","EDMONTON BLATCHFORD","3012209","2012-05-09 17:00","2012","05","09","17:00","9.3","","-1.7","","46","","","","","M","","M","","","","M","","","","","NA"
"-113.52","53.57","EDMONTON BLATCHFORD","3012209","2012-05-09 18:00","2012","05","09","18:00","9.9","","-3.4","","39","","","","","M","","M","","","","M","","","","","NA"
"-113.52","53.57","EDMONTON BLATCHFORD","3012209","2012-05-09 19:00","2012","05","09","19:00","8.6","","-3.9","","41","","","","","M","","M","","","","M","","","","","NA"
"-113.52","53.57","EDMONTON BLATCHFORD","3012209","2012-05-09 20:00","2012","05","09","20:00","8.3","","-5.6","","37","","","","","M","","M","","","","M","","","","","NA"
"-113.52","53.57","EDMONTON BLATCHFORD","3012209","2012-05-09 21:00","2012","05","09","21:00","7.6","","-4.1","","43","","","","","M","","M","","","","M","","","","","NA"
"-113.52","53.57","EDMONTON BLATCHFORD","3012209","2012-05-09 22:00","2012","05","09","22:00","6.4","","-2.8","","52","","","","","M","","M","","","","M","","","","","NA"
"-113.52","53.57","EDMONTON BLATCHFORD","3012209","2012-05-09 23:00","2012","05","09","23:00","5.3","","-2.8","","56","","","","","M","","M","","","","M","","","","","NA"
"-113.52","53.57","EDMONTON BLATCHFORD","3012209","2012-05-10 00:00","2012","05","10","00:00","4.5","","-7.7","","41","","","","","M","","M","","","","M","","","","","NA"
"-113.52","53.57","EDMONTON BLATCHFORD","3012209","2012-05-10 01:00","2012","05","10","01:00","3.6","","-8.0","","42","","","","","M","","M","","","","M","","","","","NA"
"-113.52","53.57","EDMONTON BLATCHFORD","3012209","2012-05-10 02:00","2012","05","10","02:00","3.3","","-8.5","","42","","","","","M","","M","","","","M","","","","","NA"
"-113.52","53.57","EDMONTON BLATCHFORD","3012209","2012-05-10 03:00","2012","05","10","03:00","3.6","","-8.4","","41","","","","","M","","M","","","","M","","","","","NA"
"-113.52","53.57","EDMONTON BLATCHFORD","3012209","2012-05-10 04:00","2012","05","10","04:00","2.6","","-7.5","","47","","","","","M","","M","","","","M","","","","","NA"
"-113.52","53.57","EDMONTON BLATCHFORD","3012209","2012-05-10 05:00","2012","05","10","05:00","2.3","","-7.8","","47","","","","","M","","M","","","","M","","","","","NA"
"-113.52","53.57","EDMONTON BLATCHFORD","3012209","2012-05-10 06:00","2012","05","10","06:00","2.6","","-6.2","","52","","","","","M","","M","","","","M","","","","","NA"
"-113.52","53.57","EDMONTON BLATCHFORD","3012209","2012-05-10 07:00","2012","05","10","07:00","4.2","","-5.6","","49","","","","","M","","M","","","","M","","","","","NA"
"-113.52","53.57","EDMONTON BLATCHFORD","3012209","2012-05-10 08:00","2012","05","10","08:00","6.6","","-7.3","","36","","","","","M","","M","","","","M","","","","","NA"
"-113.52","53.57","EDMONTON BLATCHFORD","3012209","2012-05-10 09:00","2012","05","10","09:00","7.3","","-8.6","","31","","","","","M","","M","","","","M","","","","","NA"
"-113.52","53.57","EDMONTON BLATCHFORD","3012209","2012-05-10 10:00","2012","05","10","10:00","7.1","","-9.0","","31","","","","","M","","M","","","","M","","","","","NA"
"-113.52","53.57","EDMONTON BLATCHFORD","3012209","2012-05-10 11:00","2012","05","10","11:00","6.8","","-9.2","","31","","","","","M","","M","","","","M","","","","","NA"
"-113.52","53.57","EDMONTON BLATCHFORD","3012209","2012-05-10 12:00","2012","05","10","12:00","7.3","","-8.5","","32","","","","","M","","M","","","","M","","","","","NA"
"-113.52","53.57","EDMONTON BLATCHFORD","3012209","2012-05-10 13:00","2012","05","10","13:00","7.3","","-6.9","","36","","","","","M","","M","","","","M","","","","","NA"
"-113.52","53.57","EDMONTON BLATCHFORD","3012209","2012-05-10 14:00","2012","05","10","14:00","8.2","","-8.6","","29","","","","","M","","M","","","","M","","","","","NA"
"-113.52","53.57","EDMONTON BLATCHFORD","3012209","2012-05-10 15:00","2012","05","10","15:00","8.1","","-8.0","","31","","","","","M","","M","","","","M","","","","","NA"
"-113.52","53.57","EDMONTON BLATCHFORD","3012209","2012-05-10 16:00","2012","05","10","16:00","10.1","","-6.3","","31","","","","","M","","M","","","","M","","","","","NA"
"-113.52","53.57","EDMONTON BLATCHFORD","3012209","2012-05-10 17:00","2012","05","10","17:00","8.7","","-6.4","","34","","","","","M","","M","","","","M","","","","","NA"
"-113.52","53.57","EDMONTON BLATCHFORD","3012209","2012-05-10 18:00","2012","05","10","18:00","8.7","","-6.2","","34","","","","","M","","M","","","","M","","","","","NA"
"-113.52","53.57","EDMONTON BLATCHFORD","3012209","2012-05-10 19:00","2012","05","10","19:00","8.0","","-6.8","","34","","","","","M","","M","","","","M","","","","","NA"
"-113.52","53.57","EDMONTON BLATCHFORD","3012209","2012-05-10 20:00","2012","05","10","20:00","7.5","","-5.4","","39","","","","","M","","M","","","","M","","","","","NA"
"-113.52","53.57","EDMONTON BLATCHFORD","3012209","2012-05-10 21:00","2012","05","10","21:00","7.3","","-5.5","","40","","","","","M","","M","","","","M","","","","","NA"
"-113.52","53.57","EDMONTON BLATCHFORD","3012209","2012-05-10 22:00","2012","05","10","22:00","7.1","","-5.7","","40","","","","","M","","M","","","","M","","","","","NA"
"-113.52","53.57","EDMONTON BLATCHFORD","3012209","2012-05-10 23:00","2012","05","10","23:00","6.7","","-5.0","","43","","","","","M","","M","","","","M","","","","","NA"
"-113.52","53.57","EDMONTON BLATCHFORD","3012209","2012-05-11 00:00","2012","05","11","00:00","6.3","","-4.7","","45","","","","","M","","M","","","","M","","","","","NA"
"-113.52","53.57","EDMONTON BLATCHFORD","3012209","2012-05-11 01:00","2012","05","11","01:00","5.7","","-5.9","","43","","","","","M","","M","","","","M","","","","","NA"
"-113.52","53.57","EDMONTON BLATCHFORD","3012209","2012-05-11 02:00","2012","05","11","02:00","5.5","","-6.2","","43","","","","","M","","M","","","","M","","","","","NA"
"-113.52","53.57","EDMONTON BLATCHFORD","3012209","2012-05-11 03:00","2012","05","11","03:00","5.4","","-6.5","","42","","","","","M","","M","","","","M","","","","","NA"
"-113.52","53.57","EDMONTON BLATCHFORD","3012209","2012-05-11 04:00","2012","05","11","04:00","5.0","","-6.7","","42","","","","","M","","M","","","","M","","","","","NA"
"-113.52","53.57","EDMONTON BLATCHFORD","3012209","2012-05-11 05:00","2012","05","11","05:00","4.7","","-6.6","","44","","","","","M","","M","","","","M","","","","","NA"
"-113.52","53.57","EDMONTON BLATCHFORD","3012209","2012-05-11 06:00","2012","05","11","06:00","5.0","","-5.8","","45","","","","","M","","M","","","","M","","","","","NA"
"-113.52","53.57","EDMONTON BLATCHFORD","3012209","2012-05-11 07:00","2012","05","11","07:00","6.7","","-5.9","","40","","","","","M","","M","","","","M","","","","","NA"
"-113.52","53.57","EDMONTON BLATCHFORD","3012209","2012-05-11 08:00","2012","05","11","08:00","7.8","","-6.1","","37","","","","","M","","M","","","","M","","","","","NA"
"-113.52","53.57","EDMONTON BLATCHFORD","3012209","2012-05-11 09:00","2012","05","11","09:00","8.8","","-5.6","","36","","","","","M","","M","","","","M","","","","","NA"
"-113.52","53.57","EDMONTON BLATCHFORD","3012209","2012-05-11 10:00","2012","05","11","10:00","10.2","","-5.0","","34","","","","","M","","M","","","","M","","","","","NA"
"-113.52","53.57","EDMONTON BLATCHFORD","3012209","2012-05-11 11:00","2012","05","11","11:00","11.2","","-4.8","","32","","","","","M","","M","","","","M","","","","","NA"
"-113.52","53.57","EDMONTON BLATCHFORD","3012209","2012-05-11 12:00","2012","05","11","12:00","12.5","","-5.1","","29","","","","","M","","M","","","","M","","","","","NA"
"-113.52","53.57","EDMONTON BLATCHFORD","3012209","2012-05-11 13:00","2012","05","11","13:00","13.1","","-4.1","","30","","","","","M","","M","","","","M","","","","","NA"
"-113.52","53.57","EDMONTON BLATCHFORD","3012209","2012-05-11 14:00","2012","05","11","14:00","14.1","","-4.3","","28","","","","","M","","M","","","","M","","","","","NA"
"-113.52","53.57","EDMONTON BLATCHFORD","3012209","2012-05-11 15:00","2012","05","11","15:00","14.6","","-4.0","","27","","","","","M","","M","","","","M","","","","","NA"
"-113.52","53.57","EDMONTON BLATCHFORD","3012209","2012-05-11 16:00","2012","05","11","16:00","14.6","","-4.0","","27","","","","","M","","M","","","","M","","","","","NA"
"-113.52","53.57","EDMONTON BLATCHFORD","3012209","2012-05-11 17:00","2012","05","11","17:00","15.5","","-3.7","","26","","","","","M","","M","","","","M","","","","","NA"
"-113.52","53.57","EDMONTON BLATCHFORD","3012209","2012-05-11 18:00","2012","05","11","18:00","15.5","","-3.0","","28","","","","","M","","M","","","","M","","","","","NA"
"-113.52","53.57","EDMONTON BLATCHFORD","3012209","2012-05-11 19:00","2012","05","11","19:00","14.8","","-2.9","","29","","","","","M","","M","","","","M","","","","","NA"
"-113.52","53.57","EDMONTON BLATCHFORD","3012209","2012-05-11 20:00","2012","05","11","20:00","13.0","","-3.2","","32","","","","","M","","M","","","","M","","","","","NA"
"-113.52","53.57","EDMONTON BLATCHFORD","3012209","2012-05-11 21:00","2012","05","11","21:00","12.2","","-3.3","","34","","","","","M","","M","","","","M","","","","","NA"
"-113.52","53.57","EDMONTON BLATCHFORD","3012209","2012-05-11 22:00","2012","05","11","22:00","10.5","","-2.4","","40","","","","","M","","M","","","","M","","","","","NA"
"-113.52","53.57","EDMONTON BLATCHFORD","3012209","2012-05-11 23:00","2012","05","11","23:00","9.2","","-2.3","","44","","","","","M","","M","","","","M","","","","","NA"
"-113.52","53.57","EDMONTON BLATCHFORD","3012209","2012-05-12 00:00","2012","05","12","00:00","7.9","","-3.0","","46","","","","","M","","M","","","","M","","","","","NA"
"-113.52","53.57","EDMONTON BLATCHFORD","3012209","2012-05-12 01:00","2012","05","12","01:00","7.9","","-3.1","","46","","","","","M","","M","","","","M","","","","","NA"
"-113.52","53.57","EDMONTON BLATCHFORD","3012209","2012-05-12 02:00","2012","05","12","02:00","7.3","","-2.7","","49","","","","","M","","M","","","","M","","","","","NA"
"-113.52","53.57","EDMONTON BLATCHFORD","3012209","2012-05-12 03:00","2012","05","12","03:00","6.5","","-2.7","","52","","","","","M","","M","","","","M","","","","","NA"
"-113.52","53.57","EDMONTON BLATCHFORD","3012209","2012-05-12 04:00","2012","05","12","04:00","5.9","","-2.7","","54","","","","","M","","M","","","","M","","","","","NA"
"-113.52","53.57","EDMONTON BLATCHFORD","3012209","2012-05-12 05:00","2012","05","12","05:00","6.0","","-2.5","","54","","","","","M","","M","","","","M","","","","","NA"
"-113.52","53.57","EDMONTON BLATCHFORD","3012209","2012-05-12 06:00","2012","05","12","06:00","7.2","","-1.8","","53","","","","","M","","M","","","","M","","","","","NA"
"-113.52","53.57","EDMONTON BLATCHFORD","3012209","2012-05-12 07:00","2012","05","12","07:00","9.7","","-2.0","","44","","","","","M","","M","","","","M","","","","","NA"
"-113.52","53.57","EDMONTON BLATCHFORD","3012209","2012-05-12 08:00","2012","05","12","08:00","11.9","","-1.3","","40","","","","","M","","M","","","","M","","","","","NA"
"-113.52","53.57","EDMONTON BLATCHFORD","3012209","2012-05-12 09:00","2012","05","12","09:00","14.2","","-1.2","","35","","","","","M","","M","","","","M","","","","","NA"
"-113.52","53.57","EDMONTON BLATCHFORD","3012209","2012-05-12 10:00","2012","05","12","10:00","14.9","","-1.1","","33","","","","","M","","M","","","","M","","","","","NA"
"-113.52","53.57","EDMONTON BLATCHFORD","3012209","2012-05-12 11:00","2012","05","12","11:00","17.2","","-0.5","","30","","","","","M","","M","","","","M","","","","","NA"
"-113.52","53.57","EDMONTON BLATCHFORD","3012209","2012-05-12 12:00","2012","05","12","12:00","18.0","","-0.7","","28","","","","","M","","M","","","","M","","","","","NA"
"-113.52","53.57","EDMONTON BLATCHFORD","3012209","2012-05-12 13:00","2012","05","12","13:00","18.6","","-1.0","","27","","","","","M","","M","","","","M","","","","","NA"
"-113.52","53.57","EDMONTON BLATCHFORD","3012209","2012-05-12 14:00","2012","05","12","14:00","19.9","","-1.0","","24","","","","","M","","M","","","","M","","","","","NA"
"-113.52","53.57","EDMONTON BLATCHFORD","3012209","2012-05-12 15:00","2012","05","12","15:00","20.4","","-0.7","","24","","","","","M","","M","","","","M","","","","","NA"
"-113.52","53.57","EDMONTON BLATCHFORD","3012209","2012-05-12 16:00","2012","05","12","16:00","21.3","","-0.2","","24","","","","","M","","M","","","","M","","","","","NA"
"-113.52","53.57","EDMONTON BLATCHFORD","3012209","2012-05-12 17:00","2012","05","12","17:00","21.4","","-0.6","","23","","","","","M","","M","","","","M","","","","","NA"
"-113.52","53.57","EDMONTON BLATCHFORD","3012209","2012-05-12 18:00","2012","05","12","18:00","21.5","","-0.4","","23","","","","","M","","M","","","","M","","","","","NA"
"-113.52","53.57","EDMONTON BLATCHFORD","3012209","2012-05-12 19:00","2012","05","12","19:00","21.0","","-0.9","","23","","","","","M","","M","","","","M","","","","","NA"
"-113.52","53.57","EDMONTON BLATCHFORD","3012209","2012-05-12 20:00","2012","05","12","20:00","19.8","","-0.4","","26","","","","","M","","M","","","","M","","","","","NA"
"-113.52","53.57","EDMONTON BLATCHFORD","3012209","2012-05-12 21:00","2012","05","12","21:00","16.4","","0.1","","33","","","","","M","","M","","","","M","","","","","NA"
"-113.52","53.57","EDMONTON BLATCHFORD","3012209","2012-05-12 22:00","2012","05","12","22:00","15.4","","-0.5","","34","","","","","M","","M","","","","M","","","","","NA"
"-113.52","53.57","EDMONTON BLATCHFORD","3012209","2012-05-12 23:00","2012","05","12","23:00","14.7","","-1.1","","34","","","","","M","","M","","","","M","","","","","NA"
"-113.52","53.57","EDMONTON BLATCHFORD","3012209","2012-05-13 00:00","2012","05","13","00:00","13.1","","-1.2","","37","","","","","M","","M","","","","M","","","","","NA"
"-113.52","53.57","EDMONTON BLATCHFORD","3012209","2012-05-13 01:00","2012","05","13","01:00","11.6","","-1.8","","39","","","","","M","","M","","","","M","","","","","NA"
"-113.52","53.57","EDMONTON BLATCHFORD","3012209","2012-05-13 02:00","2012","05","13","02:00","10.9","","-2.4","","39","","","","","M","","M","","","","M","","","","","NA"
"-113.52","53.57","EDMONTON BLATCHFORD","3012209","2012-05-13 03:00","2012","05","13","03:00","10.0","","-2.8","","41","","","","","M","","M","","","","M","","","","","NA"
"-113.52","53.57","EDMONTON BLATCHFORD","3012209","2012-05-13 04:00","2012","05","13","04:00","9.1","","-2.7","","43","","","","","M","","M","","","","M","","","","","NA"
"-113.52","53.57","EDMONTON BLATCHFORD","3012209","2012-05-13 05:00","2012","05","13","05:00","8.6","","-2.4","","46","","","","","M","","M","","","","M","","","","","NA"
"-113.52","53.57","EDMONTON BLATCHFORD","3012209","2012-05-13 06:00","2012","05","13","06:00","10.3","","-1.9","","42","","","","","M","","M","","","","M","","","","","NA"
"-113.52","53.57","EDMONTON BLATCHFORD","3012209","2012-05-13 07:00","2012","05","13","07:00","13.6","","-1.0","","36","","","","","M","","M","","","","M","","","","","NA"
"-113.52","53.57","EDMONTON BLATCHFORD","3012209","2012-05-13 08:00","2012","05","13","08:00","16.1","","-1.5","","30","","","","","M","","M","","","","M","","","","","NA"
"-113.52","53.57","EDMONTON BLATCHFORD","3012209","2012-05-13 09:00","2012","05","13","09:00","17.9","","-2.3","","25","","","","","M","","M","","","","M","","","","","NA"
"-113.52","53.57","EDMONTON BLATCHFORD","3012209","2012-05-13 10:00","2012","05","13","10:00","19.5","","-2.0","","23","","","","","M","","M","","","","M","","","","","NA"
"-113.52","53.57","EDMONTON BLATCHFORD","3012209","2012-05-13 11:00","2012","05","13","11:00","20.2","","-1.6","","23","","","","","M","","M","","","","M","","","","","NA"
"-113.52","53.57","EDMONTON BLATCHFORD","3012209","2012-05-13 12:00","2012","05","13","12:00","21.7","","-0.9","","22","","","","","M","","M","","","","M","","","","","NA"
"-113.52","53.57","EDMONTON BLATCHFORD","3012209","2012-05-13 13:00","2012","05","13","13:00","22.9","","-0.5","","21","","","","","M","","M","","","","M","","","","","NA"
"-113.52","53.57","EDMONTON BLATCHFORD","3012209","2012-05-13 14:00","2012","05","13","14:00","24.3","","-1.0","","19","","","","","M","","M","","","","M","","","","","NA"
"-113.52","53.57","EDMONTON BLATCHFORD","3012209","2012-05-13 15:00","2012","05","13","15:00","24.6","","-1.1","","18","","","","","M","","M","","","","M","","","","","NA"
"-113.52","53.57","EDMONTON BLATCHFORD","3012209","2012-05-13 16:00","2012","05","13","16:00","24.6","","-0.6","","19","","","","","M","","M","","","","M","","","","","NA"
"-113.52","53.57","EDMONTON BLATCHFORD","3012209","2012-05-13 17:00","2012","05","13","17:00","24.8","","0.2","","20","","","","","M","","M","","","","M","","","","","NA"
"-113.52","53.57","EDMONTON BLATCHFORD","3012209","2012-05-13 18:00","2012","05","13","18:00","24.3","","1.2","","22","","","","","M","","M","","","","M","","","","","NA"
"-113.52","53.57","EDMONTON BLATCHFORD","3012209","2012-05-13 19:00","2012","05","13","19:00","22.3","","-1.6","","20","","","","","M","","M","","","","M","","","","","NA"
"-113.52","53.57","EDMONTON BLATCHFORD","3012209","2012-05-13 20:00","2012","05","13","20:00","19.7","","-0.4","","26","","","","","M","","M","","","","M","","","","","NA"
"-113.52","53.57","EDMONTON BLATCHFORD","3012209","2012-05-13 21:00","2012","05","13","21:00","17.5","","-1.3","","28","","","","","M","","M","","","","M","","","","","NA"
"-113.52","53.57","EDMONTON BLATCHFORD","3012209","2012-05-13 22:00","2012","05","13","22:00","16.9","","-1.7","","28","","","","","M","","M","","","","M","","","","","NA"
"-113.52","53.57","EDMONTON BLATCHFORD","3012209","2012-05-13 23:00","2012","05","13","23:00","13.0","","-1.7","","36","","","","","M","","M","","","","M","","","","","NA"
"-113.52","53.57","EDMONTON BLATCHFORD","3012209","2012-05-14 00:00","2012","05","14","00:00","12.2","","-1.4","","39","","","","","M","","M","","","","M","","","","","NA"
"-113.52","53.57","EDMONTON BLATCHFORD","3012209","2012-05-14 01:00","2012","05","14","01:00","12.7","","-2.4","","35","","","","","M","","M","","","","M","","","","","NA"
"-113.52","53.57","EDMONTON BLATCHFORD","3012209","2012-05-14 02:00","2012","05","14","02:00","12.2","","-2.4","","36","","","","","M","","M","","","","M","","","","","NA"
"-113.52","53.57","EDMONTON BLATCHFORD","3012209","2012-05-14 03:00","2012","05","14","03:00","11.2","","-2.1","","39","","","","","M","","M","","","","M","","","","","NA"
"-113.52","53.57","EDMONTON BLATCHFORD","3012209","2012-05-14 04:00","2012","05","14","04:00","9.9","","-2.1","","43","","","","","M","","M","","","","M","","","","","NA"
"-113.52","53.57","EDMONTON BLATCHFORD","3012209","2012-05-14 05:00","2012","05","14","05:00","10.0","","-2.2","","42","","","","","M","","M","","","","M","","","","","NA"
"-113.52","53.57","EDMONTON BLATCHFORD","3012209","2012-05-14 06:00","2012","05","14","06:00","10.4","","-2.2","","41","","","","","M","","M","","","","M","","","","","NA"
"-113.52","53.57","EDMONTON BLATCHFORD","3012209","2012-05-14 07:00","2012","05","14","07:00","11.6","","-2.0","","39","","","","","M","","M","","","","M","","","","","NA"
"-113.52","53.57","EDMONTON BLATCHFORD","3012209","2012-05-14 08:00","2012","05","14","08:00","12.5","","-1.7","","37","","","","","M","","M","","","","M","","","","","NA"
"-113.52","53.57","EDMONTON BLATCHFORD","3012209","2012-05-14 09:00","2012","05","14","09:00","12.9","","-2.2","","35","","","","","M","","M","","","","M","","","","","NA"
"-113.52","53.57","EDMONTON BLATCHFORD","3012209","2012-05-14 10:00","2012","05","14","10:00","13.9","","-2.4","","32","","","","","M","","M","","","","M","","","","","NA"
"-113.52","53.57","EDMONTON BLATCHFORD","3012209","2012-05-14 11:00","2012","05","14","11:00","14.8","","-2.3","","31","","","","","M","","M","","","","M","","","","","NA"
"-113.52","53.57","EDMONTON BLATCHFORD","3012209","2012-05-14 12:00","2012","05","14","12:00","15.4","","-1.8","","31","","","","","M","","M","","","","M","","","","","NA"
"-113.52","53.57","EDMONTON BLATCHFORD","3012209","2012-05-14 13:00","2012","05","14","13:00","16.6","","-1.6","","29","","","","","M","","M","","","","M","","","","","NA"
"-113.52","53.57","EDMONTON BLATCHFORD","3012209","2012-05-14 14:00","2012","05","14","14:00","16.9","","-2.5","","26","","","","","M","","M","","","","M","","","","","NA"
"-113.52","53.57","EDMONTON BLATCHFORD","3012209","2012-05-14 15:00","2012","05","14","15:00","18.0","","-2.9","","24","","","","","M","","M","","","","M","","","","","NA"
"-113.52","53.57","EDMONTON BLATCHFORD","3012209","2012-05-14 16:00","2012","05","14","16:00","18.3","","-1.2","","27","","","","","M","","M","","","","M","","","","","NA"
"-113.52","53.57","EDMONTON BLATCHFORD","3012209","2012-05-14 17:00","2012","05","14","17:00","18.1","","-1.8","","26","","","","","M","","M","","","","M","","","","","NA"
"-113.52","53.57","EDMONTON BLATCHFORD","3012209","2012-05-14 18:00","2012","05","14","18:00","18.3","","-4.6","","21","","","","","M","","M","","","","M","","","","","NA"
"-113.52","53.57","EDMONTON BLATCHFORD","3012209","2012-05-14 19:00","2012","05","14","19:00","16.9","","-2.3","","27","","","","","M","","M","","","","M","","","","","NA"
"-113.52","53.57","EDMONTON BLATCHFORD","3012209","2012-05-14 20:00","2012","05","14","20:00","15.5","","-3.2","","27","","","","","M","","M","","","","M","","","","","NA"
"-113.52","53.57","EDMONTON BLATCHFORD","3012209","2012-05-14 21:00","2012","05","14","21:00","14.2","","-3.8","","29","","","","","M","","M","","","","M","","","","","NA"
"-113.52","53.57","EDMONTON BLATCHFORD","3012209","2012-05-14 22:00","2012","05","14","22:00","14.2","","-3.7","","29","","","","","M","","M","","","","M","","","","","NA"
"-113.52","53.57","EDMONTON BLATCHFORD","3012209","2012-05-14 23:00","2012","05","14","23:00","14.1","","-3.9","","28","","","","","M","","M","","","","M","","","","","NA"
"-113.52","53.57","EDMONTON BLATCHFORD","3012209","2012-05-15 00:00","2012","05","15","00:00","14.1","","-4.1","","28","","","","","M","","M","","","","M","","","","","NA"
"-113.52","53.57","EDMONTON BLATCHFORD","3012209","2012-05-15 01:00","2012","05","15","01:00","13.7","","-4.2","","29","","","","","M","","M","","","","M","","","","","NA"
"-113.52","53.57","EDMONTON BLATCHFORD","3012209","2012-05-15 02:00","2012","05","15","02:00","13.4","","-4.6","","28","","","","","M","","M","","","","M","","","","","NA"
"-113.52","53.57","EDMONTON BLATCHFORD","3012209","2012-05-15 03:00","2012","05","15","03:00","12.3","","-4.7","","30","","","","","M","","M","","","","M","","","","","NA"
"-113.52","53.57","EDMONTON BLATCHFORD","3012209","2012-05-15 04:00","2012","05","15","04:00","11.8","","-5.6","","29","","","","","M","","M","","","","M","","","","","NA"
"-113.52","53.57","EDMONTON BLATCHFORD","3012209","2012-05-15 05:00","2012","05","15","05:00","12.1","","-5.1","","30","","","","","M","","M","","","","M","","","","","NA"
"-113.52","53.57","EDMONTON BLATCHFORD","3012209","2012-05-15 06:00","2012","05","15","06:00","12.4","","-3.7","","32","","","","","M","","M","","","","M","","","","","NA"
"-113.52","53.57","EDMONTON BLATCHFORD","3012209","2012-05-15 07:00","2012","05","15","07:00","13.9","","-2.4","","32","","","","","M","","M","","","","M","","","","","NA"
"-113.52","53.57","EDMONTON BLATCHFORD","3012209","2012-05-15 08:00","2012","05","15","08:00","16.3","","-2.0","","28","","","","","M","","M","","","","M","","","","","NA"
"-113.52","53.57","EDMONTON BLATCHFORD","3012209","2012-05-15 09:00","2012","05","15","09:00","17.2","","0.1","","31","","","","","M","","M","","","","M","","","","","NA"
"-113.52","53.57","EDMONTON BLATCHFORD","3012209","2012-05-15 10:00","2012","05","15","10:00","18.0","","1.1","","32","","","","","M","","M","","","","M","","","","","NA"
"-113.52","53.57","EDMONTON BLATCHFORD","3012209","2012-05-15 11:00","2012","05","15","11:00","20.1","","2.2","","30","","","","","M","","M","","","","M","","","","","NA"
"-113.52","53.57","EDMONTON BLATCHFORD","3012209","2012-05-15 12:00","2012","05","15","12:00","21.1","","3.6","","32","","","","","M","","M","","","","M","","","","","NA"
"-113.52","53.57","EDMONTON BLATCHFORD","3012209","2012-05-15 13:00","2012","05","15","13:00","22.2","","4.0","","30","","","","","M","","M","","","","M","","","","","NA"
"-113.52","53.57","EDMONTON BLATCHFORD","3012209","2012-05-15 14:00","2012","05","15","14:00","23.2","","3.6","","28","","","","","M","","M","","","","M","","","","","NA"
"-113.52","53.57","EDMONTON BLATCHFORD","3012209","2012-05-15 15:00","2012","05","15","15:00","23.4","","3.8","","28","","","","","M","","M","","","","M","","","","","NA"
"-113.52","53.57","EDMONTON BLATCHFORD","3012209","2012-05-15 16:00","2012","05","15","16:00","23.9","","2.8","","25","","","","","M","","M","","","","M","","","","","NA"
"-113.52","53.57","EDMONTON BLATCHFORD","3012209","2012-05-15 17:00","2012","05","15","17:00","24.2","","2.6","","24","","","","","M","","M","","","","M","","","","","NA"
"-113.52","53.57","EDMONTON BLATCHFORD","3012209","2012-05-15 18:00","2012","05","15","18:00","23.9","","3.2","","26","","","","","M","","M","","","","M","","","","","NA"
"-113.52","53.57","EDMONTON BLATCHFORD","3012209","2012-05-15 19:00","2012","05","15","19:00","23.0","","3.9","","29","","","","","M","","M","","","","M","","","","","NA"
"-113.52","53.57","EDMONTON BLATCHFORD","3012209","2012-05-15 20:00","2012","05","15","20:00","20.9","","2.6","","30","","","","","M","","M","","","","M","","","","","NA"
"-113.52","53.57","EDMONTON BLATCHFORD","3012209","2012-05-15 21:00","2012","05","15","21:00","19.3","","3.3","","35","","","","","M","","M","","","","M","","","","","NA"
"-113.52","53.57","EDMONTON BLATCHFORD","3012209","2012-05-15 22:00","2012","05","15","22:00","17.4","","2.9","","38","","","","","M","","M","","","","M","","","","","NA"
"-113.52","53.57","EDMONTON BLATCHFORD","3012209","2012-05-15 23:00","2012","05","15","23:00","16.4","","3.9","","43","","","","","M","","M","","","","M","","","","","NA"
"-113.52","53.57","EDMONTON BLATCHFORD","3012209","2012-05-16 00:00","2012","05","16","00:00","16.0","","3.1","","42","","","","","M","","M","","","","M","","","","","NA"
"-113.52","53.57","EDMONTON BLATCHFORD","3012209","2012-05-16 01:00","2012","05","16","01:00","15.7","","3.1","","43","","","","","M","","M","","","","M","","","","","NA"
"-113.52","53.57","EDMONTON BLATCHFORD","3012209","2012-05-16 02:00","2012","05","16","02:00","14.8","","3.5","","47","","","","","M","","M","","","","M","","","","","NA"
"-113.52","53.57","EDMONTON BLATCHFORD","3012209","2012-05-16 03:00","2012","05","16","03:00","12.4","","3.4","","54","","","","","M","","M","","","","M","","","","","NA"
"-113.52","53.57","EDMONTON BLATCHFORD","3012209","2012-05-16 04:00","2012","05","16","04:00","10.5","","3.6","","62","","","","","M","","M","","","","M","","","","","NA"
"-113.52","53.57","EDMONTON BLATCHFORD","3012209","2012-05-16 05:00","2012","05","16","05:00","9.0","","4.4","","73","","","","","M","","M","","","","M","","","","","NA"
"-113.52","53.57","EDMONTON BLATCHFORD","3012209","2012-05-16 06:00","2012","05","16","06:00","11.1","","3.9","","61","","","","","M","","M","","","","M","","","","","NA"
"-113.52","53.57","EDMONTON BLATCHFORD","3012209","2012-05-16 07:00","2012","05","16","07:00","13.8","","3.3","","49","","","","","M","","M","","","","M","","","","","NA"
"-113.52","53.57","EDMONTON BLATCHFORD","3012209","2012-05-16 08:00","2012","05","16","08:00","14.9","","2.1","","42","","","","","M","","M","","","","M","","","","","NA"
"-113.52","53.57","EDMONTON BLATCHFORD","3012209","2012-05-16 09:00","2012","05","16","09:00","15.4","","0.6","","36","","","","","M","","M","","","","M","","","","","NA"
"-113.52","53.57","EDMONTON BLATCHFORD","3012209","2012-05-16 10:00","2012","05","16","10:00","16.3","","1.1","","36","","","","","M","","M","","","","M","","","","","NA"
"-113.52","53.57","EDMONTON BLATCHFORD","3012209","2012-05-16 11:00","2012","05","16","11:00","16.7","","0.5","","33","","","","","M","","M","","","","M","","","","","NA"
"-113.52","53.57","EDMONTON BLATCHFORD","3012209","2012-05-16 12:00","2012","05","16","12:00","18.0","","0.5","","31","","","","","M","","M","","","","M","","","","","NA"
"-113.52","53.57","EDMONTON BLATCHFORD","3012209","2012-05-16 13:00","2012","05","16","13:00","18.5","","1.0","","31","","","","","M","","M","","","","M","","","","","NA"
"-113.52","53.57","EDMONTON BLATCHFORD","3012209","2012-05-16 14:00","2012","05","16","14:00","17.8","","3.1","","37","","","","","M","","M","","","","M","","","","","NA"
"-113.52","53.57","EDMONTON BLATCHFORD","3012209","2012-05-16 15:00","2012","05","16","15:00","18.0","","4.3","","40","","","","","M","","M","","","","M","","","","","NA"
"-113.52","53.57","EDMONTON BLATCHFORD","3012209","2012-05-16 16:00","2012","05","16","16:00","14.6","","3.6","","48","","","","","M","","M","","","","M","","","","","NA"
"-113.52","53.57","EDMONTON BLATCHFORD","3012209","2012-05-16 17:00","2012","05","16","17:00","12.5","","6.7","","68","","","","","M","","M","","","","M","","","","","NA"
"-113.52","53.57","EDMONTON BLATCHFORD","3012209","2012-05-16 18:00","2012","05","16","18:00","10.5","","9.0","","90","","","","","M","","M","","","","M","","","","","NA"
"-113.52","53.57","EDMONTON BLATCHFORD","3012209","2012-05-16 19:00","2012","05","16","19:00","11.1","","9.3","","89","","","","","M","","M","","","","M","","","","","NA"
"-113.52","53.57","EDMONTON BLATCHFORD","3012209","2012-05-16 20:00","2012","05","16","20:00","10.2","","7.0","","81","","","","","M","","M","","","","M","","","","","NA"
"-113.52","53.57","EDMONTON BLATCHFORD","3012209","2012-05-16 21:00","2012","05","16","21:00","9.5","","6.3","","80","","","","","M","","M","","","","M","","","","","NA"
"-113.52","53.57","EDMONTON BLATCHFORD","3012209","2012-05-16 22:00","2012","05","16","22:00","9.2","","5.2","","76","","","","","M","","M","","","","M","","","","","NA"
"-113.52","53.57","EDMONTON BLATCHFORD","3012209","2012-05-16 23:00","2012","05","16","23:00","9.0","","4.2","","72","","","","","M","","M","","","","M","","","","","NA"
"-113.52","53.57","EDMONTON BLATCHFORD","3012209","2012-05-17 00:00","2012","05","17","00:00","8.5","","3.7","","72","","","","","M","","M","","","","M","","","","","NA"
"-113.52","53.57","EDMONTON BLATCHFORD","3012209","2012-05-17 01:00","2012","05","17","01:00","7.9","","3.8","","75","","","","","M","","M","","","","M","","","","","NA"
"-113.52","53.57","EDMONTON BLATCHFORD","3012209","2012-05-17 02:00","2012","05","17","02:00","7.8","","1.1","","63","","","","","M","","M","","","","M","","","","","NA"
"-113.52","53.57","EDMONTON BLATCHFORD","3012209","2012-05-17 03:00","2012","05","17","03:00","7.0","","-3.5","","47","","","","","M","","M","","","","M","","","","","NA"
"-113.52","53.57","EDMONTON BLATCHFORD","3012209","2012-05-17 04:00","2012","05","17","04:00","5.9","","-5.3","","44","","","","","M","","M","","","","M","","","","","NA"
"-113.52","53.57","EDMONTON BLATCHFORD","3012209","2012-05-17 05:00","2012","05","17","05:00","3.9","","-5.0","","52","","","","","M","","M","","","","M","","","","","NA"
"-113.52","53.57","EDMONTON BLATCHFORD","3012209","2012-05-17 06:00","2012","05","17","06:00","4.1","","-6.4","","46","","","","","M","","M","","","","M","","","","","NA"
"-113.52","53.57","EDMONTON BLATCHFORD","3012209","2012-05-17 07:00","2012","05","17","07:00","5.1","","-4.8","","49","","","","","M","","M","","","","M","","","","","NA"
"-113.52","53.57","EDMONTON BLATCHFORD","3012209","2012-05-17 08:00","2012","05","17","08:00","6.6","","-5.3","","42","","","","","M","","M","","","","M","","","","","NA"
"-113.52","53.57","EDMONTON BLATCHFORD","3012209","2012-05-17 09:00","2012","05","17","09:00","8.0","","-5.1","","39","","","","","M","","M","","","","M","","","","","NA"
"-113.52","53.57","EDMONTON BLATCHFORD","3012209","2012-05-17 10:00","2012","05","17","10:00","9.6","","-8.3","","27","","","","","M","","M","","","","M","","","","","NA"
"-113.52","53.57","EDMONTON BLATCHFORD","3012209","2012-05-17 11:00","2012","05","17","11:00","11.0","","-7.6","","26","","","","","M","","M","","","","M","","","","","NA"
"-113.52","53.57","EDMONTON BLATCHFORD","3012209","2012-05-17 12:00","2012","05","17","12:00","11.5","","-10.9","","20","","","","","M","","M","","","","M","","","","","NA"
"-113.52","53.57","EDMONTON BLATCHFORD","3012209","2012-05-17 13:00","2012","05","17","13:00","12.7","","-6.6","","25","","","","","M","","M","","","","M","","","","","NA"
"-113.52","53.57","EDMONTON BLATCHFORD","3012209","2012-05-17 14:00","2012","05","17","14:00","12.2","","-4.7","","30","","","","","M","","M","","","","M","","","","","NA"
"-113.52","53.57","EDMONTON BLATCHFORD","3012209","2012-05-17 15:00","2012","05","17","15:00","10.2","","-1.0","","46","","","","","M","","M","","","","M","","","","","NA"
"-113.52","53.57","EDMONTON BLATCHFORD","3012209","2012-05-17 16:00","2012","05","17","16:00","9.9","","-0.5","","48","","","","","M","","M","","","","M","","","","","NA"
"-113.52","53.57","EDMONTON BLATCHFORD","3012209","2012-05-17 17:00","2012","05","17","17:00","10.7","","-1.0","","44","","","","","M","","M","","","","M","","","","","NA"
"-113.52","53.57","EDMONTON BLATCHFORD","3012209","2012-05-17 18:00","2012","05","17","18:00","9.7","","1.1","","55","","","","","M","","M","","","","M","","","","","NA"
"-113.52","53.57","EDMONTON BLATCHFORD","3012209","2012-05-17 19:00","2012","05","17","19:00","10.4","","-1.0","","45","","","","","M","","M","","","","M","","","","","NA"
"-113.52","53.57","EDMONTON BLATCHFORD","3012209","2012-05-17 20:00","2012","05","17","20:00","9.1","","-0.9","","50","","","","","M","","M","","","","M","","","","","NA"
"-113.52","53.57","EDMONTON BLATCHFORD","3012209","2012-05-17 21:00","2012","05","17","21:00","8.9","","-0.6","","51","","","","","M","","M","","","","M","","","","","NA"
"-113.52","53.57","EDMONTON BLATCHFORD","3012209","2012-05-17 22:00","2012","05","17","22:00","6.3","","0.8","","68","","","","","M","","M","","","","M","","","","","NA"
"-113.52","53.57","EDMONTON BLATCHFORD","3012209","2012-05-17 23:00","2012","05","17","23:00","5.7","","2.1","","78","","","","","M","","M","","","","M","","","","","NA"
"-113.52","53.57","EDMONTON BLATCHFORD","3012209","2012-05-18 00:00","2012","05","18","00:00","5.5","","2.3","","80","","","","","M","","M","","","","M","","","","","NA"
"-113.52","53.57","EDMONTON BLATCHFORD","3012209","2012-05-18 01:00","2012","05","18","01:00","4.2","","4.0","","99","","","","","M","","M","","","","M","","","","","NA"
"-113.52","53.57","EDMONTON BLATCHFORD","3012209","2012-05-18 02:00","2012","05","18","02:00","4.1","","4.0","","99","","","","","M","","M","","","","M","","","","","NA"
"-113.52","53.57","EDMONTON BLATCHFORD","3012209","2012-05-18 03:00","2012","05","18","03:00","4.0","","4.0","","100","","","","","M","","M","","","","M","","","","","NA"
"-113.52","53.57","EDMONTON BLATCHFORD","3012209","2012-05-18 04:00","2012","05","18","04:00","3.6","","3.6","","100","","","","","M","","M","","","","M","","","","","NA"
"-113.52","53.57","EDMONTON BLATCHFORD","3012209","2012-05-18 05:00","2012","05","18","05:00","3.5","","3.4","","99","","","","","M","","M","","","","M","","","","","NA"
"-113.52","53.57","EDMONTON BLATCHFORD","3012209","2012-05-18 06:00","2012","05","18","06:00","3.7","","3.5","","99","","","","","M","","M","","","","M","","","","","NA"
"-113.52","53.57","EDMONTON BLATCHFORD","3012209","2012-05-18 07:00","2012","05","18","07:00","4.1","","3.8","","98","","","","","M","","M","","","","M","","","","","NA"
"-113.52","53.57","EDMONTON BLATCHFORD","3012209","2012-05-18 08:00","2012","05","18","08:00","4.8","","4.1","","95","","","","","M","","M","","","","M","","","","","NA"
"-113.52","53.57","EDMONTON BLATCHFORD","3012209","2012-05-18 09:00","2012","05","18","09:00","5.8","","4.1","","89","","","","","M","","M","","","","M","","","","","NA"
"-113.52","53.57","EDMONTON BLATCHFORD","3012209","2012-05-18 10:00","2012","05","18","10:00","6.3","","4.0","","85","","","","","M","","M","","","","M","","","","","NA"
"-113.52","53.57","EDMONTON BLATCHFORD","3012209","2012-05-18 11:00","2012","05","18","11:00","7.9","","3.8","","75","","","","","M","","M","","","","M","","","","","NA"
"-113.52","53.57","EDMONTON BLATCHFORD","3012209","2012-05-18 12:00","2012","05","18","12:00","9.5","","2.2","","60","","","","","M","","M","","","","M","","","","","NA"
"-113.52","53.57","EDMONTON BLATCHFORD","3012209","2012-05-18 13:00","2012","05","18","13:00","9.6","","0.2","","52","","","","","M","","M","","","","M","","","","","NA"
"-113.52","53.57","EDMONTON BLATCHFORD","3012209","2012-05-18 14:00","2012","05","18","14:00","10.7","","0.0","","47","","","","","M","","M","","","","M","","","","","NA"
"-113.52","53.57","EDMONTON BLATCHFORD","3012209","2012-05-18 15:00","2012","05","18","15:00","10.9","","-0.3","","46","","","","","M","","M","","","","M","","","","","NA"
"-113.52","53.57","EDMONTON BLATCHFORD","3012209","2012-05-18 16:00","2012","05","18","16:00","11.2","","-0.8","","43","","","","","M","","M","","","","M","","","","","NA"
"-113.52","53.57","EDMONTON BLATCHFORD","3012209","2012-05-18 17:00","2012","05","18","17:00","11.4","","-2.6","","37","","","","","M","","M","","","","M","","","","","NA"
"-113.52","53.57","EDMONTON BLATCHFORD","3012209","2012-05-18 18:00","2012","05","18","18:00","8.3","","1.8","","64","","","","","M","","M","","","","M","","","","","NA"
"-113.52","53.57","EDMONTON BLATCHFORD","3012209","2012-05-18 19:00","2012","05","18","19:00","7.5","","2.1","","69","","","","","M","","M","","","","M","","","","","NA"
"-113.52","53.57","EDMONTON BLATCHFORD","3012209","2012-05-18 20:00","2012","05","18","20:00","7.2","","2.1","","70","","","","","M","","M","","","","M","","","","","NA"
"-113.52","53.57","EDMONTON BLATCHFORD","3012209","2012-05-18 21:00","2012","05","18","21:00","6.3","","2.0","","74","","","","","M","","M","","","","M","","","","","NA"
"-113.52","53.57","EDMONTON BLATCHFORD","3012209","2012-05-18 22:00","2012","05","18","22:00","6.0","","2.1","","76","","","","","M","","M","","","","M","","","","","NA"
"-113.52","53.57","EDMONTON BLATCHFORD","3012209","2012-05-18 23:00","2012","05","18","23:00","4.6","","1.4","","80","","","","","M","","M","","","","M","","","","","NA"
"-113.52","53.57","EDMONTON BLATCHFORD","3012209","2012-05-19 00:00","2012","05","19","00:00","3.3","","1.0","","85","","","","","M","","M","","","","M","","","","","NA"
"-113.52","53.57","EDMONTON BLATCHFORD","3012209","2012-05-19 01:00","2012","05","19","01:00","3.7","","1.7","","87","","","","","M","","M","","","","M","","","","","NA"
"-113.52","53.57","EDMONTON BLATCHFORD","3012209","2012-05-19 02:00","2012","05","19","02:00","4.0","","1.9","","86","","","","","M","","M","","","","M","","","","","NA"
"-113.52","53.57","EDMONTON BLATCHFORD","3012209","2012-05-19 03:00","2012","05","19","03:00","4.3","","2.3","","87","","","","","M","","M","","","","M","","","","","NA"
"-113.52","53.57","EDMONTON BLATCHFORD","3012209","2012-05-19 04:00","2012","05","19","04:00","2.4","","2.0","","97","","","","","M","","M","","","","M","","","","","NA"
"-113.52","53.57","EDMONTON BLATCHFORD","3012209","2012-05-19 05:00","2012","05","19","05:00","2.9","","0.0","","81","","","","","M","","M","","","","M","","","","","NA"
"-113.52","53.57","EDMONTON BLATCHFORD","3012209","2012-05-19 06:00","2012","05","19","06:00","3.1","","-0.6","","77","","","","","M","","M","","","","M","","","","","NA"
"-113.52","53.57","EDMONTON BLATCHFORD","3012209","2012-05-19 07:00","2012","05","19","07:00","4.2","","-0.3","","72","","","","","M","","M","","","","M","","","","","NA"
"-113.52","53.57","EDMONTON BLATCHFORD","3012209","2012-05-19 08:00","2012","05","19","08:00","5.3","","0.1","","69","","","","","M","","M","","","","M","","","","","NA"
"-113.52","53.57","EDMONTON BLATCHFORD","3012209","2012-05-19 09:00","2012","05","19","09:00","5.9","","0.1","","66","","","","","M","","M","","","","M","","","","","NA"
"-113.52","53.57","EDMONTON BLATCHFORD","3012209","2012-05-19 10:00","2012","05","19","10:00","8.0","","-0.6","","55","","","","","M","","M","","","","M","","","","","NA"
"-113.52","53.57","EDMONTON BLATCHFORD","3012209","2012-05-19 11:00","2012","05","19","11:00","8.3","","-0.6","","53","","","","","M","","M","","","","M","","","","","NA"
"-113.52","53.57","EDMONTON BLATCHFORD","3012209","2012-05-19 12:00","2012","05","19","12:00","9.8","","-1.0","","47","","","","","M","","M","","","","M","","","","","NA"
"-113.52","53.57","EDMONTON BLATCHFORD","3012209","2012-05-19 13:00","2012","05","19","13:00","9.5","","-1.9","","45","","","","","M","","M","","","","M","","","","","NA"
"-113.52","53.57","EDMONTON BLATCHFORD","3012209","2012-05-19 14:00","2012","05","19","14:00","11.1","","-1.9","","40","","","","","M","","M","","","","M","","","","","NA"
"-113.52","53.57","EDMONTON BLATCHFORD","3012209","2012-05-19 15:00","2012","05","19","15:00","11.7","","-0.8","","42","","","","","M","","M","","","","M","","","","","NA"
"-113.52","53.57","EDMONTON BLATCHFORD","3012209","2012-05-19 16:00","2012","05","19","16:00","12.0","","-2.3","","37","","","","","M","","M","","","","M","","","","","NA"
"-113.52","53.57","EDMONTON BLATCHFORD","3012209","2012-05-19 17:00","2012","05","19","17:00","12.5","","-3.6","","32","","","","","M","","M","","","","M","","","","","NA"
"-113.52","53.57","EDMONTON BLATCHFORD","3012209","2012-05-19 18:00","2012","05","19","18:00","11.9","","-3.6","","34","","","","","M","","M","","","","M","","","","","NA"
"-113.52","53.57","EDMONTON BLATCHFORD","3012209","2012-05-19 19:00","2012","05","19","19:00","11.6","","-3.7","","34","","","","","M","","M","","","","M","","","","","NA"
"-113.52","53.57","EDMONTON BLATCHFORD","3012209","2012-05-19 20:00","2012","05","19","20:00","10.0","","-3.8","","38","","","","","M","","M","","","","M","","","","","NA"
"-113.52","53.57","EDMONTON BLATCHFORD","3012209","2012-05-19 21:00","2012","05","19","21:00","8.8","","-4.1","","40","","","","","M","","M","","","","M","","","","","NA"
"-113.52","53.57","EDMONTON BLATCHFORD","3012209","2012-05-19 22:00","2012","05","19","22:00","7.8","","-3.4","","45","","","","","M","","M","","","","M","","","","","NA"
"-113.52","53.57","EDMONTON BLATCHFORD","3012209","2012-05-19 23:00","2012","05","19","23:00","6.1","","-3.3","","51","","","","","M","","M","","","","M","","","","","NA"
"-113.52","53.57","EDMONTON BLATCHFORD","3012209","2012-05-20 00:00","2012","05","20","00:00","5.1","","-2.6","","57","","","","","M","","M","","","","M","","","","","NA"
"-113.52","53.57","EDMONTON BLATCHFORD","3012209","2012-05-20 01:00","2012","05","20","01:00","4.8","","-1.9","","62","","","","","M","","M","","","","M","","","","","NA"
"-113.52","53.57","EDMONTON BLATCHFORD","3012209","2012-05-20 02:00","2012","05","20","02:00","2.9","","-2.6","","67","","","","","M","","M","","","","M","","","","","NA"
"-113.52","53.57","EDMONTON BLATCHFORD","3012209","2012-05-20 03:00","2012","05","20","03:00","3.1","","-1.8","","70","","","","","M","","M","","","","M","","","","","NA"
"-113.52","53.57","EDMONTON BLATCHFORD","3012209","2012-05-20 04:00","2012","05","20","04:00","2.7","","-1.9","","72","","","","","M","","M","","","","M","","","","","NA"
"-113.52","53.57","EDMONTON BLATCHFORD","3012209","2012-05-20 05:00","2012","05","20","05:00","3.6","","-1.6","","69","","","","","M","","M","","","","M","","","","","NA"
"-113.52","53.57","EDMONTON BLATCHFORD","3012209","2012-05-20 06:00","2012","05","20","06:00","5.2","","0.6","","72","","","","","M","","M","","","","M","","","","","NA"
"-113.52","53.57","EDMONTON BLATCHFORD","3012209","2012-05-20 07:00","2012","05","20","07:00","9.0","","0.4","","55","","","","","M","","M","","","","M","","","","","NA"
"-113.52","53.57","EDMONTON BLATCHFORD","3012209","2012-05-20 08:00","2012","05","20","08:00","12.4","","0.6","","44","","","","","M","","M","","","","M","","","","","NA"
"-113.52","53.57","EDMONTON BLATCHFORD","3012209","2012-05-20 09:00","2012","05","20","09:00","13.8","","1.1","","42","","","","","M","","M","","","","M","","","","","NA"
"-113.52","53.57","EDMONTON BLATCHFORD","3012209","2012-05-20 10:00","2012","05","20","10:00","14.8","","2.0","","42","","","","","M","","M","","","","M","","","","","NA"
"-113.52","53.57","EDMONTON BLATCHFORD","3012209","2012-05-20 11:00","2012","05","20","11:00","15.9","","1.9","","39","","","","","M","","M","","","","M","","","","","NA"
"-113.52","53.57","EDMONTON BLATCHFORD","3012209","2012-05-20 12:00","2012","05","20","12:00","16.3","","1.3","","36","","","","","M","","M","","","","M","","","","","NA"
"-113.52","53.57","EDMONTON BLATCHFORD","3012209","2012-05-20 13:00","2012","05","20","13:00","16.4","","-0.1","","33","","","","","M","","M","","","","M","","","","","NA"
"-113.52","53.57","EDMONTON BLATCHFORD","3012209","2012-05-20 14:00","2012","05","20","14:00","18.3","","-0.1","","29","","","","","M","","M","","","","M","","","","","NA"
"-113.52","53.57","EDMONTON BLATCHFORD","3012209","2012-05-20 15:00","2012","05","20","15:00","18.4","","-0.1","","29","","","","","M","","M","","","","M","","","","","NA"
"-113.52","53.57","EDMONTON BLATCHFORD","3012209","2012-05-20 16:00","2012","05","20","16:00","18.6","","-0.6","","27","","","","","M","","M","","","","M","","","","","NA"
"-113.52","53.57","EDMONTON BLATCHFORD","3012209","2012-05-20 17:00","2012","05","20","17:00","18.6","","0.6","","30","","","","","M","","M","","","","M","","","","","NA"
"-113.52","53.57","EDMONTON BLATCHFORD","3012209","2012-05-20 18:00","2012","05","20","18:00","17.2","","-0.2","","31","","","","","M","","M","","","","M","","","","","NA"
"-113.52","53.57","EDMONTON BLATCHFORD","3012209","2012-05-20 19:00","2012","05","20","19:00","16.9","","-0.4","","31","","","","","M","","M","","","","M","","","","","NA"
"-113.52","53.57","EDMONTON BLATCHFORD","3012209","2012-05-20 20:00","2012","05","20","20:00","15.8","","0.0","","34","","","","","M","","M","","","","M","","","","","NA"
"-113.52","53.57","EDMONTON BLATCHFORD","3012209","2012-05-20 21:00","2012","05","20","21:00","14.5","","0.2","","38","","","","","M","","M","","","","M","","","","","NA"
"-113.52","53.57","EDMONTON BLATCHFORD","3012209","2012-05-20 22:00","2012","05","20","22:00","13.2","","1.3","","44","","","","","M","","M","","","","M","","","","","NA"
"-113.52","53.57","EDMONTON BLATCHFORD","3012209","2012-05-20 23:00","2012","05","20","23:00","13.1","","2.5","","49","","","","","M","","M","","","","M","","","","","NA"
"-113.52","53.57","EDMONTON BLATCHFORD","3012209","2012-05-21 00:00","2012","05","21","00:00","13.3","","3.1","","50","","","","","M","","M","","","","M","","","","","NA"
"-113.52","53.57","EDMONTON BLATCHFORD","3012209","2012-05-21 01:00","2012","05","21","01:00","12.7","","2.8","","51","","","","","M","","M","","","","M","","","","","NA"
"-113.52","53.57","EDMONTON BLATCHFORD","3012209","2012-05-21 02:00","2012","05","21","02:00","12.3","","2.4","","51","","","","","M","","M","","","","M","","","","","NA"
"-113.52","53.57","EDMONTON BLATCHFORD","3012209","2012-05-21 03:00","2012","05","21","03:00","11.5","","2.9","","55","","","","","M","","M","","","","M","","","","","NA"
"-113.52","53.57","EDMONTON BLATCHFORD","3012209","2012-05-21 04:00","2012","05","21","04:00","10.5","","2.9","","59","","","","","M","","M","","","","M","","","","","NA"
"-113.52","53.57","EDMONTON BLATCHFORD","3012209","2012-05-21 05:00","2012","05","21","05:00","10.3","","3.5","","63","","","","","M","","M","","","","M","","","","","NA"
"-113.52","53.57","EDMONTON BLATCHFORD","3012209","2012-05-21 06:00","2012","05","21","06:00","10.7","","4.3","","65","","","","","M","","M","","","","M","","","","","NA"
"-113.52","53.57","EDMONTON BLATCHFORD","3012209","2012-05-21 07:00","2012","05","21","07:00","11.2","","4.3","","62","","","","","M","","M","","","","M","","","","","NA"
"-113.52","53.57","EDMONTON BLATCHFORD","3012209","2012-05-21 08:00","2012","05","21","08:00","11.7","","4.6","","62","","","","","M","","M","","","","M","","","","","NA"
"-113.52","53.57","EDMONTON BLATCHFORD","3012209","2012-05-21 09:00","2012","05","21","09:00","13.1","","5.0","","58","","","","","M","","M","","","","M","","","","","NA"
"-113.52","53.57","EDMONTON BLATCHFORD","3012209","2012-05-21 10:00","2012","05","21","10:00","16.4","","5.0","","47","","","","","M","","M","","","","M","","","","","NA"
"-113.52","53.57","EDMONTON BLATCHFORD","3012209","2012-05-21 11:00","2012","05","21","11:00","17.4","","3.6","","40","","","","","M","","M","","","","M","","","","","NA"
"-113.52","53.57","EDMONTON BLATCHFORD","3012209","2012-05-21 12:00","2012","05","21","12:00","18.6","","4.3","","39","","","","","M","","M","","","","M","","","","","NA"
"-113.52","53.57","EDMONTON BLATCHFORD","3012209","2012-05-21 13:00","2012","05","21","13:00","19.6","","3.9","","35","","","","","M","","M","","","","M","","","","","NA"
"-113.52","53.57","EDMONTON BLATCHFORD","3012209","2012-05-21 14:00","2012","05","21","14:00","20.3","","3.9","","34","","","","","M","","M","","","","M","","","","","NA"
"-113.52","53.57","EDMONTON BLATCHFORD","3012209","2012-05-21 15:00","2012","05","21","15:00","20.4","","3.8","","33","","","","","M","","M","","","","M","","","","","NA"
"-113.52","53.57","EDMONTON BLATCHFORD","3012209","2012-05-21 16:00","2012","05","21","16:00","19.7","","2.7","","32","","","","","M","","M","","","","M","","","","","NA"
"-113.52","53.57","EDMONTON BLATCHFORD","3012209","2012-05-21 17:00","2012","05","21","17:00","19.7","","3.0","","33","","","","","M","","M","","","","M","","","","","NA"
"-113.52","53.57","EDMONTON BLATCHFORD","3012209","2012-05-21 18:00","2012","05","21","18:00","19.3","","2.5","","33","","","","","M","","M","","","","M","","","","","NA"
"-113.52","53.57","EDMONTON BLATCHFORD","3012209","2012-05-21 19:00","2012","05","21","19:00","18.8","","3.3","","36","","","","","M","","M","","","","M","","","","","NA"
"-113.52","53.57","EDMONTON BLATCHFORD","3012209","2012-05-21 20:00","2012","05","21","20:00","18.4","","3.3","","37","","","","","M","","M","","","","M","","","","","NA"
"-113.52","53.57","EDMONTON BLATCHFORD","3012209","2012-05-21 21:00","2012","05","21","21:00","17.6","","3.6","","39","","","","","M","","M","","","","M","","","","","NA"
"-113.52","53.57","EDMONTON BLATCHFORD","3012209","2012-05-21 22:00","2012","05","21","22:00","17.1","","5.8","","47","","","","","M","","M","","","","M","","","","","NA"
"-113.52","53.57","EDMONTON BLATCHFORD","3012209","2012-05-21 23:00","2012","05","21","23:00","15.8","","7.3","","57","","","","","M","","M","","","","M","","","","","NA"
"-113.52","53.57","EDMONTON BLATCHFORD","3012209","2012-05-22 00:00","2012","05","22","00:00","","M","","M","","M","","","","M","","M","","","","M","","","","","NA"
"-113.52","53.57","EDMONTON BLATCHFORD","3012209","2012-05-22 01:00","2012","05","22","01:00","13.7","","8.1","","69","","","","","M","","M","","","","M","","","","","NA"
"-113.52","53.57","EDMONTON BLATCHFORD","3012209","2012-05-22 02:00","2012","05","22","02:00","12.7","","7.5","","71","","","","","M","","M","","","","M","","","","","NA"
"-113.52","53.57","EDMONTON BLATCHFORD","3012209","2012-05-22 03:00","2012","05","22","03:00","12.3","","7.1","","71","","","","","M","","M","","","","M","","","","","NA"
"-113.52","53.57","EDMONTON BLATCHFORD","3012209","2012-05-22 04:00","2012","05","22","04:00","11.6","","7.0","","73","","","","","M","","M","","","","M","","","","","NA"
"-113.52","53.57","EDMONTON BLATCHFORD","3012209","2012-05-22 05:00","2012","05","22","05:00","10.6","","7.2","","79","","","","","M","","M","","","","M","","","","","NA"
"-113.52","53.57","EDMONTON BLATCHFORD","3012209","2012-05-22 06:00","2012","05","22","06:00","10.1","","7.4","","83","","","","","M","","M","","","","M","","","","","NA"
"-113.52","53.57","EDMONTON BLATCHFORD","3012209","2012-05-22 07:00","2012","05","22","07:00","9.5","","8.4","","93","","","","","M","","M","","","","M","","","","","NA"
"-113.52","53.57","EDMONTON BLATCHFORD","3012209","2012-05-22 08:00","2012","05","22","08:00","8.6","","8.6","","100","","","","","M","","M","","","","M","","","","","NA"
"-113.52","53.57","EDMONTON BLATCHFORD","3012209","2012-05-22 09:00","2012","05","22","09:00","8.9","","8.9","","100","","","","","M","","M","","","","M","","","","","NA"
"-113.52","53.57","EDMONTON BLATCHFORD","3012209","2012-05-22 10:00","2012","05","22","10:00","8.8","","8.8","","100","","","","","M","","M","","","","M","","","","","NA"
"-113.52","53.57","EDMONTON BLATCHFORD","3012209","2012-05-22 11:00","2012","05","22","11:00","8.4","","8.4","","100","","","","","M","","M","","","","M","","","","","NA"
"-113.52","53.57","EDMONTON BLATCHFORD","3012209","2012-05-22 12:00","2012","05","22","12:00","8.8","","8.8","","100","","","","","M","","M","","","","M","","","","","NA"
"-113.52","53.57","EDMONTON BLATCHFORD","3012209","2012-05-22 13:00","2012","05","22","13:00","9.1","","9.1","","100","","","","","M","","M","","","","M","","","","","NA"
"-113.52","53.57","EDMONTON BLATCHFORD","3012209","2012-05-22 14:00","2012","05","22","14:00","9.7","","9.7","","100","","","","","M","","M","","","","M","","","","","NA"
"-113.52","53.57","EDMONTON BLATCHFORD","3012209","2012-05-22 15:00","2012","05","22","15:00","9.6","","9.6","","100","","","","","M","","M","","","","M","","","","","NA"
"-113.52","53.57","EDMONTON BLATCHFORD","3012209","2012-05-22 16:00","2012","05","22","16:00","9.5","","9.5","","100","","","","","M","","M","","","","M","","","","","NA"
"-113.52","53.57","EDMONTON BLATCHFORD","3012209","2012-05-22 17:00","2012","05","22","17:00","9.8","","9.7","","99","","","","","M","","M","","","","M","","","","","NA"
"-113.52","53.57","EDMONTON BLATCHFORD","3012209","2012-05-22 18:00","2012","05","22","18:00","9.4","","9.4","","100","","","","","M","","M","","","","M","","","","","NA"
"-113.52","53.57","EDMONTON BLATCHFORD","3012209","2012-05-22 19:00","2012","05","22","19:00","9.0","","9.0","","100","","","","","M","","M","","","","M","","","","","NA"
"-113.52","53.57","EDMONTON BLATCHFORD","3012209","2012-05-22 20:00","2012","05","22","20:00","8.6","","8.6","","100","","","","","M","","M","","","","M","","","","","NA"
"-113.52","53.57","EDMONTON BLATCHFORD","3012209","2012-05-22 21:00","2012","05","22","21:00","8.1","","8.1","","100","","","","","M","","M","","","","M","","","","","NA"
"-113.52","53.57","EDMONTON BLATCHFORD","3012209","2012-05-22 22:00","2012","05","22","22:00","7.6","","7.6","","100","","","","","M","","M","","","","M","","","","","NA"
"-113.52","53.57","EDMONTON BLATCHFORD","3012209","2012-05-22 23:00","2012","05","22","23:00","7.4","","7.4","","100","","","","","M","","M","","","","M","","","","","NA"
"-113.52","53.57","EDMONTON BLATCHFORD","3012209","2012-05-23 00:00","2012","05","23","00:00","6.9","","6.9","","100","","","","","M","","M","","","","M","","","","","NA"
"-113.52","53.57","EDMONTON BLATCHFORD","3012209","2012-05-23 01:00","2012","05","23","01:00","7.0","","7.0","","100","","","","","M","","M","","","","M","","","","","NA"
"-113.52","53.57","EDMONTON BLATCHFORD","3012209","2012-05-23 02:00","2012","05","23","02:00","6.6","","6.6","","100","","","","","M","","M","","","","M","","","","","NA"
"-113.52","53.57","EDMONTON BLATCHFORD","3012209","2012-05-23 03:00","2012","05","23","03:00","6.4","","6.4","","100","","","","","M","","M","","","","M","","","","","NA"
"-113.52","53.57","EDMONTON BLATCHFORD","3012209","2012-05-23 04:00","2012","05","23","04:00","6.3","","6.3","","100","","","","","M","","M","","","","M","","","","","NA"
"-113.52","53.57","EDMONTON BLATCHFORD","3012209","2012-05-23 05:00","2012","05","23","05:00","6.1","","6.1","","100","","","","","M","","M","","","","M","","","","","NA"
"-113.52","53.57","EDMONTON BLATCHFORD","3012209","2012-05-23 06:00","2012","05","23","06:00","5.9","","5.9","","100","","","","","M","","M","","","","M","","","","","NA"
"-113.52","53.57","EDMONTON BLATCHFORD","3012209","2012-05-23 07:00","2012","05","23","07:00","5.8","","5.8","","100","","","","","M","","M","","","","M","","","","","NA"
"-113.52","53.57","EDMONTON BLATCHFORD","3012209","2012-05-23 08:00","2012","05","23","08:00","5.5","","5.5","","100","","","","","M","","M","","","","M","","","","","NA"
"-113.52","53.57","EDMONTON BLATCHFORD","3012209","2012-05-23 09:00","2012","05","23","09:00","5.6","","5.5","","99","","","","","M","","M","","","","M","","","","","NA"
"-113.52","53.57","EDMONTON BLATCHFORD","3012209","2012-05-23 10:00","2012","05","23","10:00","5.7","","5.4","","98","","","","","M","","M","","","","M","","","","","NA"
"-113.52","53.57","EDMONTON BLATCHFORD","3012209","2012-05-23 11:00","2012","05","23","11:00","5.8","","5.7","","99","","","","","M","","M","","","","M","","","","","NA"
"-113.52","53.57","EDMONTON BLATCHFORD","3012209","2012-05-23 12:00","2012","05","23","12:00","6.0","","5.8","","99","","","","","M","","M","","","","M","","","","","NA"
"-113.52","53.57","EDMONTON BLATCHFORD","3012209","2012-05-23 13:00","2012","05","23","13:00","6.2","","6.1","","99","","","","","M","","M","","","","M","","","","","NA"
"-113.52","53.57","EDMONTON BLATCHFORD","3012209","2012-05-23 14:00","2012","05","23","14:00","6.2","","5.8","","97","","","","","M","","M","","","","M","","","","","NA"
"-113.52","53.57","EDMONTON BLATCHFORD","3012209","2012-05-23 15:00","2012","05","23","15:00","6.5","","6.1","","97","","","","","M","","M","","","","M","","","","","NA"
"-113.52","53.57","EDMONTON BLATCHFORD","3012209","2012-05-23 16:00","2012","05","23","16:00","6.5","","6.3","","99","","","","","M","","M","","","","M","","","","","NA"
"-113.52","53.57","EDMONTON BLATCHFORD","3012209","2012-05-23 17:00","2012","05","23","17:00","6.9","","6.0","","94","","","","","M","","M","","","","M","","","","","NA"
"-113.52","53.57","EDMONTON BLATCHFORD","3012209","2012-05-23 18:00","2012","05","23","18:00","6.3","","5.8","","97","","","","","M","","M","","","","M","","","","","NA"
"-113.52","53.57","EDMONTON BLATCHFORD","3012209","2012-05-23 19:00","2012","05","23","19:00","7.1","","6.5","","96","","","","","M","","M","","","","M","","","","","NA"
"-113.52","53.57","EDMONTON BLATCHFORD","3012209","2012-05-23 20:00","2012","05","23","20:00","6.6","","6.3","","98","","","","","M","","M","","","","M","","","","","NA"
"-113.52","53.57","EDMONTON BLATCHFORD","3012209","2012-05-23 21:00","2012","05","23","21:00","6.6","","6.3","","98","","","","","M","","M","","","","M","","","","","NA"
"-113.52","53.57","EDMONTON BLATCHFORD","3012209","2012-05-23 22:00","2012","05","23","22:00","6.4","","6.4","","100","","","","","M","","M","","","","M","","","","","NA"
"-113.52","53.57","EDMONTON BLATCHFORD","3012209","2012-05-23 23:00","2012","05","23","23:00","6.0","","5.9","","99","","","","","M","","M","","","","M","","","","","NA"
"-113.52","53.57","EDMONTON BLATCHFORD","3012209","2012-05-24 00:00","2012","05","24","00:00","6.0","","6.0","","100","","","","","M","","M","","","","M","","","","","NA"
"-113.52","53.57","EDMONTON BLATCHFORD","3012209","2012-05-24 01:00","2012","05","24","01:00","5.6","","5.1","","97","","","","","M","","M","","","","M","","","","","NA"
"-113.52","53.57","EDMONTON BLATCHFORD","3012209","2012-05-24 02:00","2012","05","24","02:00","5.1","","4.5","","96","","","","","M","","M","","","","M","","","","","NA"
"-113.52","53.57","EDMONTON BLATCHFORD","3012209","2012-05-24 03:00","2012","05","24","03:00","4.8","","4.3","","97","","","","","M","","M","","","","M","","","","","NA"
"-113.52","53.57","EDMONTON BLATCHFORD","3012209","2012-05-24 04:00","2012","05","24","04:00","4.7","","4.6","","99","","","","","M","","M","","","","M","","","","","NA"
"-113.52","53.57","EDMONTON BLATCHFORD","3012209","2012-05-24 05:00","2012","05","24","05:00","4.8","","4.8","","100","","","","","M","","M","","","","M","","","","","NA"
"-113.52","53.57","EDMONTON BLATCHFORD","3012209","2012-05-24 06:00","2012","05","24","06:00","6.0","","5.8","","99","","","","","M","","M","","","","M","","","","","NA"
"-113.52","53.57","EDMONTON BLATCHFORD","3012209","2012-05-24 07:00","2012","05","24","07:00","6.6","","6.3","","98","","","","","M","","M","","","","M","","","","","NA"
"-113.52","53.57","EDMONTON BLATCHFORD","3012209","2012-05-24 08:00","2012","05","24","08:00","7.8","","7.3","","97","","","","","M","","M","","","","M","","","","","NA"
"-113.52","53.57","EDMONTON BLATCHFORD","3012209","2012-05-24 09:00","2012","05","24","09:00","9.3","","6.1","","80","","","","","M","","M","","","","M","","","","","NA"
"-113.52","53.57","EDMONTON BLATCHFORD","3012209","2012-05-24 10:00","2012","05","24","10:00","11.0","","6.4","","73","","","","","M","","M","","","","M","","","","","NA"
"-113.52","53.57","EDMONTON BLATCHFORD","3012209","2012-05-24 11:00","2012","05","24","11:00","11.8","","2.7","","54","","","","","M","","M","","","","M","","","","","NA"
"-113.52","53.57","EDMONTON BLATCHFORD","3012209","2012-05-24 12:00","2012","05","24","12:00","12.3","","1.9","","49","","","","","M","","M","","","","M","","","","","NA"
"-113.52","53.57","EDMONTON BLATCHFORD","3012209","2012-05-24 13:00","2012","05","24","13:00","12.6","","1.4","","46","","","","","M","","M","","","","M","","","","","NA"
"-113.52","53.57","EDMONTON BLATCHFORD","3012209","2012-05-24 14:00","2012","05","24","14:00","12.7","","2.5","","50","","","","","M","","M","","","","M","","","","","NA"
"-113.52","53.57","EDMONTON BLATCHFORD","3012209","2012-05-24 15:00","2012","05","24","15:00","12.9","","2.7","","50","","","","","M","","M","","","","M","","","","","NA"
"-113.52","53.57","EDMONTON BLATCHFORD","3012209","2012-05-24 16:00","2012","05","24","16:00","13.0","","2.4","","48","","","","","M","","M","","","","M","","","","","NA"
"-113.52","53.57","EDMONTON BLATCHFORD","3012209","2012-05-24 17:00","2012","05","24","17:00","13.1","","3.1","","51","","","","","M","","M","","","","M","","","","","NA"
"-113.52","53.57","EDMONTON BLATCHFORD","3012209","2012-05-24 18:00","2012","05","24","18:00","12.8","","1.8","","47","","","","","M","","M","","","","M","","","","","NA"
"-113.52","53.57","EDMONTON BLATCHFORD","3012209","2012-05-24 19:00","2012","05","24","19:00","12.4","","1.2","","46","","","","","M","","M","","","","M","","","","","NA"
"-113.52","53.57","EDMONTON BLATCHFORD","3012209","2012-05-24 20:00","2012","05","24","20:00","11.0","","1.7","","53","","","","","M","","M","","","","M","","","","","NA"
"-113.52","53.57","EDMONTON BLATCHFORD","3012209","2012-05-24 21:00","2012","05","24","21:00","10.7","","2.5","","57","","","","","M","","M","","","","M","","","","","NA"
"-113.52","53.57","EDMONTON BLATCHFORD","3012209","2012-05-24 22:00","2012","05","24","22:00","9.4","","3.5","","67","","","","","M","","M","","","","M","","","","","NA"
"-113.52","53.57","EDMONTON BLATCHFORD","3012209","2012-05-24 23:00","2012","05","24","23:00","7.5","","4.0","","78","","","","","M","","M","","","","M","","","","","NA"
"-113.52","53.57","EDMONTON BLATCHFORD","3012209","2012-05-25 00:00","2012","05","25","00:00","6.8","","4.4","","85","","","","","M","","M","","","","M","","","","","NA"
"-113.52","53.57","EDMONTON BLATCHFORD","3012209","2012-05-25 01:00","2012","05","25","01:00","4.8","","3.8","","93","","","","","M","","M","","","","M","","","","","NA"
"-113.52","53.57","EDMONTON BLATCHFORD","3012209","2012-05-25 02:00","2012","05","25","02:00","5.5","","4.3","","92","","","","","M","","M","","","","M","","","","","NA"
"-113.52","53.57","EDMONTON BLATCHFORD","3012209","2012-05-25 03:00","2012","05","25","03:00","5.2","","3.4","","88","","","","","M","","M","","","","M","","","","","NA"
"-113.52","53.57","EDMONTON BLATCHFORD","3012209","2012-05-25 04:00","2012","05","25","04:00","4.3","","3.0","","91","","","","","M","","M","","","","M","","","","","NA"
"-113.52","53.57","EDMONTON BLATCHFORD","3012209","2012-05-25 05:00","2012","05","25","05:00","4.2","","3.2","","93","","","","","M","","M","","","","M","","","","","NA"
"-113.52","53.57","EDMONTON BLATCHFORD","3012209","2012-05-25 06:00","2012","05","25","06:00","6.2","","4.5","","89","","","","","M","","M","","","","M","","","","","NA"
"-113.52","53.57","EDMONTON BLATCHFORD","3012209","2012-05-25 07:00","2012","05","25","07:00","8.2","","4.1","","75","","","","","M","","M","","","","M","","","","","NA"
"-113.52","53.57","EDMONTON BLATCHFORD","3012209","2012-05-25 08:00","2012","05","25","08:00","10.0","","4.3","","68","","","","","M","","M","","","","M","","","","","NA"
"-113.52","53.57","EDMONTON BLATCHFORD","3012209","2012-05-25 09:00","2012","05","25","09:00","12.0","","5.3","","64","","","","","M","","M","","","","M","","","","","NA"
"-113.52","53.57","EDMONTON BLATCHFORD","3012209","2012-05-25 10:00","2012","05","25","10:00","14.0","","3.7","","50","","","","","M","","M","","","","M","","","","","NA"
"-113.52","53.57","EDMONTON BLATCHFORD","3012209","2012-05-25 11:00","2012","05","25","11:00","14.9","","1.5","","40","","","","","M","","M","","","","M","","","","","NA"
"-113.52","53.57","EDMONTON BLATCHFORD","3012209","2012-05-25 12:00","2012","05","25","12:00","15.0","","0.7","","38","","","","","M","","M","","","","M","","","","","NA"
"-113.52","53.57","EDMONTON BLATCHFORD","3012209","2012-05-25 13:00","2012","05","25","13:00","15.5","","-0.1","","34","","","","","M","","M","","","","M","","","","","NA"
"-113.52","53.57","EDMONTON BLATCHFORD","3012209","2012-05-25 14:00","2012","05","25","14:00","16.3","","-0.1","","33","","","","","M","","M","","","","M","","","","","NA"
"-113.52","53.57","EDMONTON BLATCHFORD","3012209","2012-05-25 15:00","2012","05","25","15:00","16.6","","3.1","","40","","","","","M","","M","","","","M","","","","","NA"
"-113.52","53.57","EDMONTON BLATCHFORD","3012209","2012-05-25 16:00","2012","05","25","16:00","15.4","","0.2","","35","","","","","M","","M","","","","M","","","","","NA"
"-113.52","53.57","EDMONTON BLATCHFORD","3012209","2012-05-25 17:00","2012","05","25","17:00","17.2","","0.4","","32","","","","","M","","M","","","","M","","","","","NA"
"-113.52","53.57","EDMONTON BLATCHFORD","3012209","2012-05-25 18:00","2012","05","25","18:00","15.3","","3.4","","45","","","","","M","","M","","","","M","","","","","NA"
"-113.52","53.57","EDMONTON BLATCHFORD","3012209","2012-05-25 19:00","2012","05","25","19:00","14.8","","3.7","","47","","","","","M","","M","","","","M","","","","","NA"
"-113.52","53.57","EDMONTON BLATCHFORD","3012209","2012-05-25 20:00","2012","05","25","20:00","13.7","","2.0","","45","","","","","M","","M","","","","M","","","","","NA"
"-113.52","53.57","EDMONTON BLATCHFORD","3012209","2012-05-25 21:00","2012","05","25","21:00","12.6","","1.7","","47","","","","","M","","M","","","","M","","","","","NA"
"-113.52","53.57","EDMONTON BLATCHFORD","3012209","2012-05-25 22:00","2012","05","25","22:00","11.5","","2.5","","54","","","","","M","","M","","","","M","","","","","NA"
"-113.52","53.57","EDMONTON BLATCHFORD","3012209","2012-05-25 23:00","2012","05","25","23:00","10.5","","3.1","","60","","","","","M","","M","","","","M","","","","","NA"
"-113.52","53.57","EDMONTON BLATCHFORD","3012209","2012-05-26 00:00","2012","05","26","00:00","9.7","","3.5","","65","","","","","M","","M","","","","M","","","","","NA"
"-113.52","53.57","EDMONTON BLATCHFORD","3012209","2012-05-26 01:00","2012","05","26","01:00","8.5","","4.1","","74","","","","","M","","M","","","","M","","","","","NA"
"-113.52","53.57","EDMONTON BLATCHFORD","3012209","2012-05-26 02:00","2012","05","26","02:00","7.7","","3.6","","75","","","","","M","","M","","","","M","","","","","NA"
"-113.52","53.57","EDMONTON BLATCHFORD","3012209","2012-05-26 03:00","2012","05","26","03:00","6.2","","2.9","","79","","","","","M","","M","","","","M","","","","","NA"
"-113.52","53.57","EDMONTON BLATCHFORD","3012209","2012-05-26 04:00","2012","05","26","04:00","5.6","","3.3","","85","","","","","M","","M","","","","M","","","","","NA"
"-113.52","53.57","EDMONTON BLATCHFORD","3012209","2012-05-26 05:00","2012","05","26","05:00","5.4","","3.3","","86","","","","","M","","M","","","","M","","","","","NA"
"-113.52","53.57","EDMONTON BLATCHFORD","3012209","2012-05-26 06:00","2012","05","26","06:00","7.5","","5.2","","85","","","","","M","","M","","","","M","","","","","NA"
"-113.52","53.57","EDMONTON BLATCHFORD","3012209","2012-05-26 07:00","2012","05","26","07:00","10.2","","5.4","","72","","","","","M","","M","","","","M","","","","","NA"
"-113.52","53.57","EDMONTON BLATCHFORD","3012209","2012-05-26 08:00","2012","05","26","08:00","13.0","","4.9","","58","","","","","M","","M","","","","M","","","","","NA"
"-113.52","53.57","EDMONTON BLATCHFORD","3012209","2012-05-26 09:00","2012","05","26","09:00","15.1","","3.8","","47","","","","","M","","M","","","","M","","","","","NA"
"-113.52","53.57","EDMONTON BLATCHFORD","3012209","2012-05-26 10:00","2012","05","26","10:00","16.2","","2.0","","38","","","","","M","","M","","","","M","","","","","NA"
"-113.52","53.57","EDMONTON BLATCHFORD","3012209","2012-05-26 11:00","2012","05","26","11:00","17.0","","1.9","","36","","","","","M","","M","","","","M","","","","","NA"
"-113.52","53.57","EDMONTON BLATCHFORD","3012209","2012-05-26 12:00","2012","05","26","12:00","17.5","","1.1","","33","","","","","M","","M","","","","M","","","","","NA"
"-113.52","53.57","EDMONTON BLATCHFORD","3012209","2012-05-26 13:00","2012","05","26","13:00","17.0","","0.8","","33","","","","","M","","M","","","","M","","","","","NA"
"-113.52","53.57","EDMONTON BLATCHFORD","3012209","2012-05-26 14:00","2012","05","26","14:00","18.6","","1.4","","32","","","","","M","","M","","","","M","","","","","NA"
"-113.52","53.57","EDMONTON BLATCHFORD","3012209","2012-05-26 15:00","2012","05","26","15:00","18.2","","1.0","","31","","","","","M","","M","","","","M","","","","","NA"
"-113.52","53.57","EDMONTON BLATCHFORD","3012209","2012-05-26 16:00","2012","05","26","16:00","16.9","","1.9","","36","","","","","M","","M","","","","M","","","","","NA"
"-113.52","53.57","EDMONTON BLATCHFORD","3012209","2012-05-26 17:00","2012","05","26","17:00","18.0","","1.5","","33","","","","","M","","M","","","","M","","","","","NA"
"-113.52","53.57","EDMONTON BLATCHFORD","3012209","2012-05-26 18:00","2012","05","26","18:00","16.5","","0.8","","34","","","","","M","","M","","","","M","","","","","NA"
"-113.52","53.57","EDMONTON BLATCHFORD","3012209","2012-05-26 19:00","2012","05","26","19:00","16.6","","0.8","","34","","","","","M","","M","","","","M","","","","","NA"
"-113.52","53.57","EDMONTON BLATCHFORD","3012209","2012-05-26 20:00","2012","05","26","20:00","15.7","","0.7","","36","","","","","M","","M","","","","M","","","","","NA"
"-113.52","53.57","EDMONTON BLATCHFORD","3012209","2012-05-26 21:00","2012","05","26","21:00","14.5","","1.0","","40","","","","","M","","M","","","","M","","","","","NA"
"-113.52","53.57","EDMONTON BLATCHFORD","3012209","2012-05-26 22:00","2012","05","26","22:00","12.8","","1.7","","47","","","","","M","","M","","","","M","","","","","NA"
"-113.52","53.57","EDMONTON BLATCHFORD","3012209","2012-05-26 23:00","2012","05","26","23:00","11.6","","1.7","","51","","","","","M","","M","","","","M","","","","","NA"
"-113.52","53.57","EDMONTON BLATCHFORD","3012209","2012-05-27 00:00","2012","05","27","00:00","10.6","","1.8","","54","","","","","M","","M","","","","M","","","","","NA"
"-113.52","53.57","EDMONTON BLATCHFORD","3012209","2012-05-27 01:00","2012","05","27","01:00","9.7","","2.3","","60","","","","","M","","M","","","","M","","","","","NA"
"-113.52","53.57","EDMONTON BLATCHFORD","3012209","2012-05-27 02:00","2012","05","27","02:00","8.0","","2.2","","67","","","","","M","","M","","","","M","","","","","NA"
"-113.52","53.57","EDMONTON BLATCHFORD","3012209","2012-05-27 03:00","2012","05","27","03:00","8.1","","1.9","","65","","","","","M","","M","","","","M","","","","","NA"
"-113.52","53.57","EDMONTON BLATCHFORD","3012209","2012-05-27 04:00","2012","05","27","04:00","7.0","","1.5","","68","","","","","M","","M","","","","M","","","","","NA"
"-113.52","53.57","EDMONTON BLATCHFORD","3012209","2012-05-27 05:00","2012","05","27","05:00","6.9","","1.9","","70","","","","","M","","M","","","","M","","","","","NA"
"-113.52","53.57","EDMONTON BLATCHFORD","3012209","2012-05-27 06:00","2012","05","27","06:00","9.0","","3.1","","66","","","","","M","","M","","","","M","","","","","NA"
"-113.52","53.57","EDMONTON BLATCHFORD","3012209","2012-05-27 07:00","2012","05","27","07:00","10.7","","2.9","","58","","","","","M","","M","","","","M","","","","","NA"
"-113.52","53.57","EDMONTON BLATCHFORD","3012209","2012-05-27 08:00","2012","05","27","08:00","12.5","","1.3","","46","","","","","M","","M","","","","M","","","","","NA"
"-113.52","53.57","EDMONTON BLATCHFORD","3012209","2012-05-27 09:00","2012","05","27","09:00","13.5","","-0.6","","38","","","","","M","","M","","","","M","","","","","NA"
"-113.52","53.57","EDMONTON BLATCHFORD","3012209","2012-05-27 10:00","2012","05","27","10:00","14.0","","0.2","","39","","","","","M","","M","","","","M","","","","","NA"
"-113.52","53.57","EDMONTON BLATCHFORD","3012209","2012-05-27 11:00","2012","05","27","11:00","15.0","","-1.0","","33","","","","","M","","M","","","","M","","","","","NA"
"-113.52","53.57","EDMONTON BLATCHFORD","3012209","2012-05-27 12:00","2012","05","27","12:00","15.6","","-0.7","","33","","","","","M","","M","","","","M","","","","","NA"
"-113.52","53.57","EDMONTON BLATCHFORD","3012209","2012-05-27 13:00","2012","05","27","13:00","16.4","","0.6","","34","","","","","M","","M","","","","M","","","","","NA"
"-113.52","53.57","EDMONTON BLATCHFORD","3012209","2012-05-27 14:00","2012","05","27","14:00","16.9","","0.0","","32","","","","","M","","M","","","","M","","","","","NA"
"-113.52","53.57","EDMONTON BLATCHFORD","3012209","2012-05-27 15:00","2012","05","27","15:00","17.8","","0.5","","31","","","","","M","","M","","","","M","","","","","NA"
"-113.52","53.57","EDMONTON BLATCHFORD","3012209","2012-05-27 16:00","2012","05","27","16:00","18.1","","-0.7","","28","","","","","M","","M","","","","M","","","","","NA"
"-113.52","53.57","EDMONTON BLATCHFORD","3012209","2012-05-27 17:00","2012","05","27","17:00","17.8","","-0.7","","28","","","","","M","","M","","","","M","","","","","NA"
"-113.52","53.57","EDMONTON BLATCHFORD","3012209","2012-05-27 18:00","2012","05","27","18:00","17.8","","0.0","","30","","","","","M","","M","","","","M","","","","","NA"
"-113.52","53.57","EDMONTON BLATCHFORD","3012209","2012-05-27 19:00","2012","05","27","19:00","17.2","","-0.4","","30","","","","","M","","M","","","","M","","","","","NA"
"-113.52","53.57","EDMONTON BLATCHFORD","3012209","2012-05-27 20:00","2012","05","27","20:00","16.4","","-0.2","","32","","","","","M","","M","","","","M","","","","","NA"
"-113.52","53.57","EDMONTON BLATCHFORD","3012209","2012-05-27 21:00","2012","05","27","21:00","13.9","","-0.1","","38","","","","","M","","M","","","","M","","","","","NA"
"-113.52","53.57","EDMONTON BLATCHFORD","3012209","2012-05-27 22:00","2012","05","27","22:00","12.8","","-0.3","","40","","","","","M","","M","","","","M","","","","","NA"
"-113.52","53.57","EDMONTON BLATCHFORD","3012209","2012-05-27 23:00","2012","05","27","23:00","11.9","","0.1","","44","","","","","M","","M","","","","M","","","","","NA"
"-113.52","53.57","EDMONTON BLATCHFORD","3012209","2012-05-28 00:00","2012","05","28","00:00","9.8","","0.3","","52","","","","","M","","M","","","","M","","","","","NA"
"-113.52","53.57","EDMONTON BLATCHFORD","3012209","2012-05-28 01:00","2012","05","28","01:00","9.1","","0.4","","54","","","","","M","","M","","","","M","","","","","NA"
"-113.52","53.57","EDMONTON BLATCHFORD","3012209","2012-05-28 02:00","2012","05","28","02:00","8.1","","0.3","","58","","","","","M","","M","","","","M","","","","","NA"
"-113.52","53.57","EDMONTON BLATCHFORD","3012209","2012-05-28 03:00","2012","05","28","03:00","7.8","","0.9","","62","","","","","M","","M","","","","M","","","","","NA"
"-113.52","53.57","EDMONTON BLATCHFORD","3012209","2012-05-28 04:00","2012","05","28","04:00","6.5","","1.5","","70","","","","","M","","M","","","","M","","","","","NA"
"-113.52","53.57","EDMONTON BLATCHFORD","3012209","2012-05-28 05:00","2012","05","28","05:00","5.8","","1.9","","76","","","","","M","","M","","","","M","","","","","NA"
"-113.52","53.57","EDMONTON BLATCHFORD","3012209","2012-05-28 06:00","2012","05","28","06:00","7.0","","3.0","","76","","","","","M","","M","","","","M","","","","","NA"
"-113.52","53.57","EDMONTON BLATCHFORD","3012209","2012-05-28 07:00","2012","05","28","07:00","8.1","","4.1","","76","","","","","M","","M","","","","M","","","","","NA"
"-113.52","53.57","EDMONTON BLATCHFORD","3012209","2012-05-28 08:00","2012","05","28","08:00","9.8","","4.3","","69","","","","","M","","M","","","","M","","","","","NA"
"-113.52","53.57","EDMONTON BLATCHFORD","3012209","2012-05-28 09:00","2012","05","28","09:00","12.1","","5.0","","62","","","","","M","","M","","","","M","","","","","NA"
"-113.52","53.57","EDMONTON BLATCHFORD","3012209","2012-05-28 10:00","2012","05","28","10:00","15.4","","4.3","","47","","","","","M","","M","","","","M","","","","","NA"
"-113.52","53.57","EDMONTON BLATCHFORD","3012209","2012-05-28 11:00","2012","05","28","11:00","16.8","","1.6","","36","","","","","M","","M","","","","M","","","","","NA"
"-113.52","53.57","EDMONTON BLATCHFORD","3012209","2012-05-28 12:00","2012","05","28","12:00","17.8","","2.7","","36","","","","","M","","M","","","","M","","","","","NA"
"-113.52","53.57","EDMONTON BLATCHFORD","3012209","2012-05-28 13:00","2012","05","28","13:00","18.5","","1.8","","33","","","","","M","","M","","","","M","","","","","NA"
"-113.52","53.57","EDMONTON BLATCHFORD","3012209","2012-05-28 14:00","2012","05","28","14:00","19.0","","2.9","","34","","","","","M","","M","","","","M","","","","","NA"
"-113.52","53.57","EDMONTON BLATCHFORD","3012209","2012-05-28 15:00","2012","05","28","15:00","18.9","","1.8","","32","","","","","M","","M","","","","M","","","","","NA"
"-113.52","53.57","EDMONTON BLATCHFORD","3012209","2012-05-28 16:00","2012","05","28","16:00","18.9","","1.2","","31","","","","","M","","M","","","","M","","","","","NA"
"-113.52","53.57","EDMONTON BLATCHFORD","3012209","2012-05-28 17:00","2012","05","28","17:00","18.9","","1.4","","31","","","","","M","","M","","","","M","","","","","NA"
"-113.52","53.57","EDMONTON BLATCHFORD","3012209","2012-05-28 18:00","2012","05","28","18:00","18.6","","1.2","","31","","","","","M","","M","","","","M","","","","","NA"
"-113.52","53.57","EDMONTON BLATCHFORD","3012209","2012-05-28 19:00","2012","05","28","19:00","17.8","","0.7","","32","","","","","M","","M","","","","M","","","","","NA"
"-113.52","53.57","EDMONTON BLATCHFORD","3012209","2012-05-28 20:00","2012","05","28","20:00","16.4","","0.8","","35","","","","","M","","M","","","","M","","","","","NA"
"-113.52","53.57","EDMONTON BLATCHFORD","3012209","2012-05-28 21:00","2012","05","28","21:00","14.5","","1.0","","40","","","","","M","","M","","","","M","","","","","NA"
"-113.52","53.57","EDMONTON BLATCHFORD","3012209","2012-05-28 22:00","2012","05","28","22:00","13.7","","2.1","","45","","","","","M","","M","","","","M","","","","","NA"
"-113.52","53.57","EDMONTON BLATCHFORD","3012209","2012-05-28 23:00","2012","05","28","23:00","12.8","","2.3","","49","","","","","M","","M","","","","M","","","","","NA"
"-113.52","53.57","EDMONTON BLATCHFORD","3012209","2012-05-29 00:00","2012","05","29","00:00","12.1","","2.3","","51","","","","","M","","M","","","","M","","","","","NA"
"-113.52","53.57","EDMONTON BLATCHFORD","3012209","2012-05-29 01:00","2012","05","29","01:00","10.7","","2.1","","55","","","","","M","","M","","","","M","","","","","NA"
"-113.52","53.57","EDMONTON BLATCHFORD","3012209","2012-05-29 02:00","2012","05","29","02:00","9.9","","2.6","","60","","","","","M","","M","","","","M","","","","","NA"
"-113.52","53.57","EDMONTON BLATCHFORD","3012209","2012-05-29 03:00","2012","05","29","03:00","8.9","","2.9","","66","","","","","M","","M","","","","M","","","","","NA"
"-113.52","53.57","EDMONTON BLATCHFORD","3012209","2012-05-29 04:00","2012","05","29","04:00","8.2","","3.2","","71","","","","","M","","M","","","","M","","","","","NA"
"-113.52","53.57","EDMONTON BLATCHFORD","3012209","2012-05-29 05:00","2012","05","29","05:00","9.3","","4.1","","70","","","","","M","","M","","","","M","","","","","NA"
"-113.52","53.57","EDMONTON BLATCHFORD","3012209","2012-05-29 06:00","2012","05","29","06:00","11.1","","4.7","","65","","","","","M","","M","","","","M","","","","","NA"
"-113.52","53.57","EDMONTON BLATCHFORD","3012209","2012-05-29 07:00","2012","05","29","07:00","12.9","","5.1","","59","","","","","M","","M","","","","M","","","","","NA"
"-113.52","53.57","EDMONTON BLATCHFORD","3012209","2012-05-29 08:00","2012","05","29","08:00","14.1","","4.4","","52","","","","","M","","M","","","","M","","","","","NA"
"-113.52","53.57","EDMONTON BLATCHFORD","3012209","2012-05-29 09:00","2012","05","29","09:00","15.8","","3.4","","43","","","","","M","","M","","","","M","","","","","NA"
"-113.52","53.57","EDMONTON BLATCHFORD","3012209","2012-05-29 10:00","2012","05","29","10:00","17.2","","3.2","","39","","","","","M","","M","","","","M","","","","","NA"
"-113.52","53.57","EDMONTON BLATCHFORD","3012209","2012-05-29 11:00","2012","05","29","11:00","17.4","","2.9","","38","","","","","M","","M","","","","M","","","","","NA"
"-113.52","53.57","EDMONTON BLATCHFORD","3012209","2012-05-29 12:00","2012","05","29","12:00","18.5","","4.5","","40","","","","","M","","M","","","","M","","","","","NA"
"-113.52","53.57","EDMONTON BLATCHFORD","3012209","2012-05-29 13:00","2012","05","29","13:00","18.3","","4.9","","41","","","","","M","","M","","","","M","","","","","NA"
"-113.52","53.57","EDMONTON BLATCHFORD","3012209","2012-05-29 14:00","2012","05","29","14:00","19.0","","5.0","","40","","","","","M","","M","","","","M","","","","","NA"
"-113.52","53.57","EDMONTON BLATCHFORD","3012209","2012-05-29 15:00","2012","05","29","15:00","19.1","","5.3","","40","","","","","M","","M","","","","M","","","","","NA"
"-113.52","53.57","EDMONTON BLATCHFORD","3012209","2012-05-29 16:00","2012","05","29","16:00","19.6","","5.2","","39","","","","","M","","M","","","","M","","","","","NA"
"-113.52","53.57","EDMONTON BLATCHFORD","3012209","2012-05-29 17:00","2012","05","29","17:00","19.4","","5.4","","40","","","","","M","","M","","","","M","","","","","NA"
"-113.52","53.57","EDMONTON BLATCHFORD","3012209","2012-05-29 18:00","2012","05","29","18:00","18.8","","5.6","","42","","","","","M","","M","","","","M","","","","","NA"
"-113.52","53.57","EDMONTON BLATCHFORD","3012209","2012-05-29 19:00","2012","05","29","19:00","15.2","","7.8","","61","","","","","M","","M","","","","M","","","","","NA"
"-113.52","53.57","EDMONTON BLATCHFORD","3012209","2012-05-29 20:00","2012","05","29","20:00","13.2","","8.7","","74","","","","","M","","M","","","","M","","","","","NA"
"-113.52","53.57","EDMONTON BLATCHFORD","3012209","2012-05-29 21:00","2012","05","29","21:00","11.7","","8.7","","82","","","","","M","","M","","","","M","","","","","NA"
"-113.52","53.57","EDMONTON BLATCHFORD","3012209","2012-05-29 22:00","2012","05","29","22:00","11.4","","8.6","","83","","","","","M","","M","","","","M","","","","","NA"
"-113.52","53.57","EDMONTON BLATCHFORD","3012209","2012-05-29 23:00","2012","05","29","23:00","11.0","","8.5","","85","","","","","M","","M","","","","M","","","","","NA"
"-113.52","53.57","EDMONTON BLATCHFORD","3012209","2012-05-30 00:00","2012","05","30","00:00","10.2","","8.5","","89","","","","","M","","M","","","","M","","","","","NA"
"-113.52","53.57","EDMONTON BLATCHFORD","3012209","2012-05-30 01:00","2012","05","30","01:00","9.3","","8.0","","92","","","","","M","","M","","","","M","","","","","NA"
"-113.52","53.57","EDMONTON BLATCHFORD","3012209","2012-05-30 02:00","2012","05","30","02:00","7.9","","7.2","","95","","","","","M","","M","","","","M","","","","","NA"
"-113.52","53.57","EDMONTON BLATCHFORD","3012209","2012-05-30 03:00","2012","05","30","03:00","7.8","","7.8","","100","","","","","M","","M","","","","M","","","","","NA"
"-113.52","53.57","EDMONTON BLATCHFORD","3012209","2012-05-30 04:00","2012","05","30","04:00","6.7","","6.7","","100","","","","","M","","M","","","","M","","","","","NA"
"-113.52","53.57","EDMONTON BLATCHFORD","3012209","2012-05-30 05:00","2012","05","30","05:00","7.1","","7.1","","100","","","","","M","","M","","","","M","","","","","NA"
"-113.52","53.57","EDMONTON BLATCHFORD","3012209","2012-05-30 06:00","2012","05","30","06:00","9.5","","9.1","","97","","","","","M","","M","","","","M","","","","","NA"
"-113.52","53.57","EDMONTON BLATCHFORD","3012209","2012-05-30 07:00","2012","05","30","07:00","10.9","","10.1","","95","","","","","M","","M","","","","M","","","","","NA"
"-113.52","53.57","EDMONTON BLATCHFORD","3012209","2012-05-30 08:00","2012","05","30","08:00","12.7","","9.2","","79","","","","","M","","M","","","","M","","","","","NA"
"-113.52","53.57","EDMONTON BLATCHFORD","3012209","2012-05-30 09:00","2012","05","30","09:00","13.9","","9.4","","74","","","","","M","","M","","","","M","","","","","NA"
"-113.52","53.57","EDMONTON BLATCHFORD","3012209","2012-05-30 10:00","2012","05","30","10:00","14.5","","10.0","","74","","","","","M","","M","","","","M","","","","","NA"
"-113.52","53.57","EDMONTON BLATCHFORD","3012209","2012-05-30 11:00","2012","05","30","11:00","16.3","","9.7","","65","","","","","M","","M","","","","M","","","","","NA"
"-113.52","53.57","EDMONTON BLATCHFORD","3012209","2012-05-30 12:00","2012","05","30","12:00","15.5","","9.2","","66","","","","","M","","M","","","","M","","","","","NA"
"-113.52","53.57","EDMONTON BLATCHFORD","3012209","2012-05-30 13:00","2012","05","30","13:00","15.8","","8.5","","62","","","","","M","","M","","","","M","","","","","NA"
"-113.52","53.57","EDMONTON BLATCHFORD","3012209","2012-05-30 14:00","2012","05","30","14:00","17.4","","8.8","","57","","","","","M","","M","","","","M","","","","","NA"
"-113.52","53.57","EDMONTON BLATCHFORD","3012209","2012-05-30 15:00","2012","05","30","15:00","17.7","","7.9","","53","","","","","M","","M","","","","M","","","","","NA"
"-113.52","53.57","EDMONTON BLATCHFORD","3012209","2012-05-30 16:00","2012","05","30","16:00","18.3","","7.4","","49","","","","","M","","M","","","","M","","","","","NA"
"-113.52","53.57","EDMONTON BLATCHFORD","3012209","2012-05-30 17:00","2012","05","30","17:00","16.7","","5.5","","48","","","","","M","","M","","","","M","","","","","NA"
"-113.52","53.57","EDMONTON BLATCHFORD","3012209","2012-05-30 18:00","2012","05","30","18:00","17.9","","3.7","","39","","","","","M","","M","","","","M","","","","","NA"
"-113.52","53.57","EDMONTON BLATCHFORD","3012209","2012-05-30 19:00","2012","05","30","19:00","17.5","","4.2","","41","","","","","M","","M","","","","M","","","","","NA"
"-113.52","53.57","EDMONTON BLATCHFORD","3012209","2012-05-30 20:00","2012","05","30","20:00","15.8","","3.3","","43","","","","","M","","M","","","","M","","","","","NA"
"-113.52","53.57","EDMONTON BLATCHFORD","3012209","2012-05-30 21:00","2012","05","30","21:00","14.3","","3.7","","49","","","","","M","","M","","","","M","","","","","NA"
"-113.52","53.57","EDMONTON BLATCHFORD","3012209","2012-05-30 22:00","2012","05","30","22:00","12.8","","3.8","","54","","","","","M","","M","","","","M","","","","","NA"
"-113.52","53.57","EDMONTON BLATCHFORD","3012209","2012-05-30 23:00","2012","05","30","23:00","12.8","","4.8","","58","","","","","M","","M","","","","M","","","","","NA"
"-113.52","53.57","EDMONTON BLATCHFORD","3012209","2012-05-31 00:00","2012","05","31","00:00","12.0","","4.8","","61","","","","","M","","M","","","","M","","","","","NA"
"-113.52","53.57","EDMONTON BLATCHFORD","3012209","2012-05-31 01:00","2012","05","31","01:00","11.5","","4.9","","64","","","","","M","","M","","","","M","","","","","NA"
"-113.52","53.57","EDMONTON BLATCHFORD","3012209","2012-05-31 02:00","2012","05","31","02:00","9.8","","4.8","","71","","","","","M","","M","","","","M","","","","","NA"
"-113.52","53.57","EDMONTON BLATCHFORD","3012209","2012-05-31 03:00","2012","05","31","03:00","9.8","","5.1","","73","","","","","M","","M","","","","M","","","","","NA"
"-113.52","53.57","EDMONTON BLATCHFORD","3012209","2012-05-31 04:00","2012","05","31","04:00","9.5","","5.7","","77","","","","","M","","M","","","","M","","","","","NA"
"-113.52","53.57","EDMONTON BLATCHFORD","3012209","2012-05-31 05:00","2012","05","31","05:00","9.0","","5.9","","81","","","","","M","","M","","","","M","","","","","NA"
"-113.52","53.57","EDMONTON BLATCHFORD","3012209","2012-05-31 06:00","2012","05","31","06:00","11.5","","6.1","","69","","","","","M","","M","","","","M","","","","","NA"
"-113.52","53.57","EDMONTON BLATCHFORD","3012209","2012-05-31 07:00","2012","05","31","07:00","13.8","","5.7","","58","","","","","M","","M","","","","M","","","","","NA"
"-113.52","53.57","EDMONTON BLATCHFORD","3012209","2012-05-31 08:00","2012","05","31","08:00","15.4","","5.8","","53","","","","","M","","M","","","","M","","","","","NA"
"-113.52","53.57","EDMONTON BLATCHFORD","3012209","2012-05-31 09:00","2012","05","31","09:00","16.9","","5.5","","47","","","","","M","","M","","","","M","","","","","NA"
"-113.52","53.57","EDMONTON BLATCHFORD","3012209","2012-05-31 10:00","2012","05","31","10:00","17.5","","3.7","","40","","","","","M","","M","","","","M","","","","","NA"
"-113.52","53.57","EDMONTON BLATCHFORD","3012209","2012-05-31 11:00","2012","05","31","11:00","18.0","","4.1","","40","","","","","M","","M","","","","M","","","","","NA"
"-113.52","53.57","EDMONTON BLATCHFORD","3012209","2012-05-31 12:00","2012","05","31","12:00","18.9","","5.2","","41","","","","","M","","M","","","","M","","","","","NA"
"-113.52","53.57","EDMONTON BLATCHFORD","3012209","2012-05-31 13:00","2012","05","31","13:00","17.8","","5.6","","45","","","","","M","","M","","","","M","","","","","NA"
"-113.52","53.57","EDMONTON BLATCHFORD","3012209","2012-05-31 14:00","2012","05","31","14:00","16.3","","6.6","","53","","","","","M","","M","","","","M","","","","","NA"
"-113.52","53.57","EDMONTON BLATCHFORD","3012209","2012-05-31 15:00","2012","05","31","15:00","18.4","","6.2","","45","","","","","M","","M","","","","M","","","","","NA"
"-113.52","53.57","EDMONTON BLATCHFORD","3012209","2012-05-31 16:00","2012","05","31","16:00","19.0","","6.6","","44","","","","","M","","M","","","","M","","","","","NA"
"-113.52","53.57","EDMONTON BLATCHFORD","3012209","2012-05-31 17:00","2012","05","31","17:00","17.3","","5.5","","46","","","","","M","","M","","","","M","","","","","NA"
"-113.52","53.57","EDMONTON BLATCHFORD","3012209","2012-05-31 18:00","2012","05","31","18:00","18.1","","5.8","","44","","","","","M","","M","","","","M","","","","","NA"
"-113.52","53.57","EDMONTON BLATCHFORD","3012209","2012-05-31 19:00","2012","05","31","19:00","17.4","","4.8","","43","","","","","M","","M","","","","M","","","","","NA"
"-113.52","53.57","EDMONTON BLATCHFORD","3012209","2012-05-31 20:00","2012","05","31","20:00","15.4","","7.1","","58","","","","","M","","M","","","","M","","","","","NA"
"-113.52","53.57","EDMONTON BLATCHFORD","3012209","2012-05-31 21:00","2012","05","31","21:00","14.0","","7.2","","64","","","","","M","","M","","","","M","","","","","NA"
"-113.52","53.57","EDMONTON BLATCHFORD","3012209","2012-05-31 22:00","2012","05","31","22:00","13.0","","8.0","","72","","","","","M","","M","","","","M","","","","","NA"
"-113.52","53.57","EDMONTON BLATCHFORD","3012209","2012-05-31 23:00","2012","05","31","23:00","13.0","","8.2","","73","","","","","M","","M","","","","M","","","","","NA"
